#	cpt file created by: makecpt -T100/1000/1 -Cseis
#COLOR_MODEL = RGB
#
100	170	0	0	101	170	0	0
101	171	0	0	102	171	0	0
102	172	0	0	103	172	0	0
103	173	0	0	104	173	0	0
104	174	0	0	105	174	0	0
105	175	0	0	106	175	0	0
106	176	0	0	107	176	0	0
107	176	0	0	108	176	0	0
108	177	0	0	109	177	0	0
109	178	0	0	110	178	0	0
110	179	0	0	111	179	0	0
111	180	0	0	112	180	0	0
112	181	0	0	113	181	0	0
113	181	0	0	114	181	0	0
114	182	0	0	115	182	0	0
115	183	0	0	116	183	0	0
116	184	0	0	117	184	0	0
117	185	0	0	118	185	0	0
118	186	0	0	119	186	0	0
119	187	0	0	120	187	0	0
120	187	0	0	121	187	0	0
121	188	0	0	122	188	0	0
122	189	0	0	123	189	0	0
123	190	0	0	124	190	0	0
124	191	0	0	125	191	0	0
125	192	0	0	126	192	0	0
126	192	0	0	127	192	0	0
127	193	0	0	128	193	0	0
128	194	0	0	129	194	0	0
129	195	0	0	130	195	0	0
130	196	0	0	131	196	0	0
131	197	0	0	132	197	0	0
132	198	0	0	133	198	0	0
133	198	0	0	134	198	0	0
134	199	0	0	135	199	0	0
135	200	0	0	136	200	0	0
136	201	0	0	137	201	0	0
137	202	0	0	138	202	0	0
138	203	0	0	139	203	0	0
139	203	0	0	140	203	0	0
140	204	0	0	141	204	0	0
141	205	0	0	142	205	0	0
142	206	0	0	143	206	0	0
143	207	0	0	144	207	0	0
144	208	0	0	145	208	0	0
145	209	0	0	146	209	0	0
146	209	0	0	147	209	0	0
147	210	0	0	148	210	0	0
148	211	0	0	149	211	0	0
149	212	0	0	150	212	0	0
150	213	0	0	151	213	0	0
151	214	0	0	152	214	0	0
152	214	0	0	153	214	0	0
153	215	0	0	154	215	0	0
154	216	0	0	155	216	0	0
155	217	0	0	156	217	0	0
156	218	0	0	157	218	0	0
157	219	0	0	158	219	0	0
158	220	0	0	159	220	0	0
159	220	0	0	160	220	0	0
160	221	0	0	161	221	0	0
161	222	0	0	162	222	0	0
162	223	0	0	163	223	0	0
163	224	0	0	164	224	0	0
164	225	0	0	165	225	0	0
165	225	0	0	166	225	0	0
166	226	0	0	167	226	0	0
167	227	0	0	168	227	0	0
168	228	0	0	169	228	0	0
169	229	0	0	170	229	0	0
170	230	0	0	171	230	0	0
171	231	0	0	172	231	0	0
172	231	0	0	173	231	0	0
173	232	0	0	174	232	0	0
174	233	0	0	175	233	0	0
175	234	0	0	176	234	0	0
176	235	0	0	177	235	0	0
177	236	0	0	178	236	0	0
178	236	0	0	179	236	0	0
179	237	0	0	180	237	0	0
180	238	0	0	181	238	0	0
181	239	0	0	182	239	0	0
182	240	0	0	183	240	0	0
183	241	0	0	184	241	0	0
184	242	0	0	185	242	0	0
185	242	0	0	186	242	0	0
186	243	0	0	187	243	0	0
187	244	0	0	188	244	0	0
188	245	0	0	189	245	0	0
189	246	0	0	190	246	0	0
190	247	0	0	191	247	0	0
191	248	0	0	192	248	0	0
192	248	0	0	193	248	0	0
193	249	0	0	194	249	0	0
194	250	0	0	195	250	0	0
195	251	0	0	196	251	0	0
196	252	0	0	197	252	0	0
197	253	0	0	198	253	0	0
198	253	0	0	199	253	0	0
199	254	0	0	200	254	0	0
200	255	0	0	201	255	0	0
201	255	1	0	202	255	1	0
202	255	2	0	203	255	2	0
203	255	3	0	204	255	3	0
204	255	4	0	205	255	4	0
205	255	4	0	206	255	4	0
206	255	5	0	207	255	5	0
207	255	6	0	208	255	6	0
208	255	7	0	209	255	7	0
209	255	8	0	210	255	8	0
210	255	9	0	211	255	9	0
211	255	9	0	212	255	9	0
212	255	10	0	213	255	10	0
213	255	11	0	214	255	11	0
214	255	12	0	215	255	12	0
215	255	13	0	216	255	13	0
216	255	14	0	217	255	14	0
217	255	15	0	218	255	15	0
218	255	15	0	219	255	15	0
219	255	16	0	220	255	16	0
220	255	17	0	221	255	17	0
221	255	18	0	222	255	18	0
222	255	19	0	223	255	19	0
223	255	20	0	224	255	20	0
224	255	21	0	225	255	21	0
225	255	21	0	226	255	21	0
226	255	22	0	227	255	22	0
227	255	23	0	228	255	23	0
228	255	24	0	229	255	24	0
229	255	25	0	230	255	25	0
230	255	26	0	231	255	26	0
231	255	27	0	232	255	27	0
232	255	27	0	233	255	27	0
233	255	28	0	234	255	28	0
234	255	29	0	235	255	29	0
235	255	30	0	236	255	30	0
236	255	31	0	237	255	31	0
237	255	32	0	238	255	32	0
238	255	32	0	239	255	32	0
239	255	33	0	240	255	33	0
240	255	34	0	241	255	34	0
241	255	35	0	242	255	35	0
242	255	36	0	243	255	36	0
243	255	37	0	244	255	37	0
244	255	38	0	245	255	38	0
245	255	38	0	246	255	38	0
246	255	39	0	247	255	39	0
247	255	40	0	248	255	40	0
248	255	41	0	249	255	41	0
249	255	42	0	250	255	42	0
250	255	43	0	251	255	43	0
251	255	44	0	252	255	44	0
252	255	44	0	253	255	44	0
253	255	45	0	254	255	45	0
254	255	46	0	255	255	46	0
255	255	47	0	256	255	47	0
256	255	48	0	257	255	48	0
257	255	49	0	258	255	49	0
258	255	49	0	259	255	49	0
259	255	50	0	260	255	50	0
260	255	51	0	261	255	51	0
261	255	52	0	262	255	52	0
262	255	53	0	263	255	53	0
263	255	54	0	264	255	54	0
264	255	55	0	265	255	55	0
265	255	55	0	266	255	55	0
266	255	56	0	267	255	56	0
267	255	57	0	268	255	57	0
268	255	58	0	269	255	58	0
269	255	59	0	270	255	59	0
270	255	60	0	271	255	60	0
271	255	61	0	272	255	61	0
272	255	61	0	273	255	61	0
273	255	62	0	274	255	62	0
274	255	63	0	275	255	63	0
275	255	64	0	276	255	64	0
276	255	65	0	277	255	65	0
277	255	66	0	278	255	66	0
278	255	66	0	279	255	66	0
279	255	67	0	280	255	67	0
280	255	68	0	281	255	68	0
281	255	69	0	282	255	69	0
282	255	70	0	283	255	70	0
283	255	71	0	284	255	71	0
284	255	72	0	285	255	72	0
285	255	72	0	286	255	72	0
286	255	73	0	287	255	73	0
287	255	74	0	288	255	74	0
288	255	75	0	289	255	75	0
289	255	76	0	290	255	76	0
290	255	77	0	291	255	77	0
291	255	78	0	292	255	78	0
292	255	78	0	293	255	78	0
293	255	79	0	294	255	79	0
294	255	80	0	295	255	80	0
295	255	81	0	296	255	81	0
296	255	82	0	297	255	82	0
297	255	83	0	298	255	83	0
298	255	84	0	299	255	84	0
299	255	84	0	300	255	84	0
300	255	85	0	301	255	85	0
301	255	86	0	302	255	86	0
302	255	87	0	303	255	87	0
303	255	88	0	304	255	88	0
304	255	89	0	305	255	89	0
305	255	89	0	306	255	89	0
306	255	90	0	307	255	90	0
307	255	91	0	308	255	91	0
308	255	92	0	309	255	92	0
309	255	93	0	310	255	93	0
310	255	94	0	311	255	94	0
311	255	95	0	312	255	95	0
312	255	95	0	313	255	95	0
313	255	96	0	314	255	96	0
314	255	97	0	315	255	97	0
315	255	98	0	316	255	98	0
316	255	99	0	317	255	99	0
317	255	100	0	318	255	100	0
318	255	101	0	319	255	101	0
319	255	101	0	320	255	101	0
320	255	102	0	321	255	102	0
321	255	103	0	322	255	103	0
322	255	104	0	323	255	104	0
323	255	105	0	324	255	105	0
324	255	106	0	325	255	106	0
325	255	106	0	326	255	106	0
326	255	107	0	327	255	107	0
327	255	108	0	328	255	108	0
328	255	109	0	329	255	109	0
329	255	110	0	330	255	110	0
330	255	111	0	331	255	111	0
331	255	112	0	332	255	112	0
332	255	112	0	333	255	112	0
333	255	113	0	334	255	113	0
334	255	114	0	335	255	114	0
335	255	115	0	336	255	115	0
336	255	116	0	337	255	116	0
337	255	117	0	338	255	117	0
338	255	118	0	339	255	118	0
339	255	118	0	340	255	118	0
340	255	119	0	341	255	119	0
341	255	120	0	342	255	120	0
342	255	121	0	343	255	121	0
343	255	122	0	344	255	122	0
344	255	123	0	345	255	123	0
345	255	124	0	346	255	124	0
346	255	124	0	347	255	124	0
347	255	125	0	348	255	125	0
348	255	126	0	349	255	126	0
349	255	127	0	350	255	127	0
350	255	128	0	351	255	128	0
351	255	129	0	352	255	129	0
352	255	129	0	353	255	129	0
353	255	130	0	354	255	130	0
354	255	131	0	355	255	131	0
355	255	132	0	356	255	132	0
356	255	133	0	357	255	133	0
357	255	134	0	358	255	134	0
358	255	135	0	359	255	135	0
359	255	135	0	360	255	135	0
360	255	136	0	361	255	136	0
361	255	137	0	362	255	137	0
362	255	138	0	363	255	138	0
363	255	139	0	364	255	139	0
364	255	140	0	365	255	140	0
365	255	141	0	366	255	141	0
366	255	141	0	367	255	141	0
367	255	142	0	368	255	142	0
368	255	143	0	369	255	143	0
369	255	144	0	370	255	144	0
370	255	145	0	371	255	145	0
371	255	146	0	372	255	146	0
372	255	146	0	373	255	146	0
373	255	147	0	374	255	147	0
374	255	148	0	375	255	148	0
375	255	149	0	376	255	149	0
376	255	150	0	377	255	150	0
377	255	151	0	378	255	151	0
378	255	152	0	379	255	152	0
379	255	152	0	380	255	152	0
380	255	153	0	381	255	153	0
381	255	154	0	382	255	154	0
382	255	155	0	383	255	155	0
383	255	156	0	384	255	156	0
384	255	157	0	385	255	157	0
385	255	158	0	386	255	158	0
386	255	158	0	387	255	158	0
387	255	159	0	388	255	159	0
388	255	160	0	389	255	160	0
389	255	161	0	390	255	161	0
390	255	162	0	391	255	162	0
391	255	163	0	392	255	163	0
392	255	163	0	393	255	163	0
393	255	164	0	394	255	164	0
394	255	165	0	395	255	165	0
395	255	166	0	396	255	166	0
396	255	167	0	397	255	167	0
397	255	168	0	398	255	168	0
398	255	169	0	399	255	169	0
399	255	169	0	400	255	169	0
400	255	170	0	401	255	170	0
401	255	171	0	402	255	171	0
402	255	172	0	403	255	172	0
403	255	173	0	404	255	173	0
404	255	174	0	405	255	174	0
405	255	175	0	406	255	175	0
406	255	175	0	407	255	175	0
407	255	176	0	408	255	176	0
408	255	177	0	409	255	177	0
409	255	178	0	410	255	178	0
410	255	179	0	411	255	179	0
411	255	180	0	412	255	180	0
412	255	181	0	413	255	181	0
413	255	181	0	414	255	181	0
414	255	182	0	415	255	182	0
415	255	183	0	416	255	183	0
416	255	184	0	417	255	184	0
417	255	185	0	418	255	185	0
418	255	186	0	419	255	186	0
419	255	186	0	420	255	186	0
420	255	187	0	421	255	187	0
421	255	188	0	422	255	188	0
422	255	189	0	423	255	189	0
423	255	190	0	424	255	190	0
424	255	191	0	425	255	191	0
425	255	192	0	426	255	192	0
426	255	192	0	427	255	192	0
427	255	193	0	428	255	193	0
428	255	194	0	429	255	194	0
429	255	195	0	430	255	195	0
430	255	196	0	431	255	196	0
431	255	197	0	432	255	197	0
432	255	198	0	433	255	198	0
433	255	198	0	434	255	198	0
434	255	199	0	435	255	199	0
435	255	200	0	436	255	200	0
436	255	201	0	437	255	201	0
437	255	202	0	438	255	202	0
438	255	203	0	439	255	203	0
439	255	203	0	440	255	203	0
440	255	204	0	441	255	204	0
441	255	205	0	442	255	205	0
442	255	206	0	443	255	206	0
443	255	207	0	444	255	207	0
444	255	208	0	445	255	208	0
445	255	209	0	446	255	209	0
446	255	209	0	447	255	209	0
447	255	210	0	448	255	210	0
448	255	211	0	449	255	211	0
449	255	212	0	450	255	212	0
450	255	213	0	451	255	213	0
451	255	214	0	452	255	214	0
452	255	215	0	453	255	215	0
453	255	215	0	454	255	215	0
454	255	216	0	455	255	216	0
455	255	217	0	456	255	217	0
456	255	218	0	457	255	218	0
457	255	219	0	458	255	219	0
458	255	220	0	459	255	220	0
459	255	220	0	460	255	220	0
460	255	221	0	461	255	221	0
461	255	222	0	462	255	222	0
462	255	223	0	463	255	223	0
463	255	224	0	464	255	224	0
464	255	225	0	465	255	225	0
465	255	226	0	466	255	226	0
466	255	226	0	467	255	226	0
467	255	227	0	468	255	227	0
468	255	228	0	469	255	228	0
469	255	229	0	470	255	229	0
470	255	230	0	471	255	230	0
471	255	231	0	472	255	231	0
472	255	232	0	473	255	232	0
473	255	232	0	474	255	232	0
474	255	233	0	475	255	233	0
475	255	234	0	476	255	234	0
476	255	235	0	477	255	235	0
477	255	236	0	478	255	236	0
478	255	237	0	479	255	237	0
479	255	238	0	480	255	238	0
480	255	238	0	481	255	238	0
481	255	239	0	482	255	239	0
482	255	240	0	483	255	240	0
483	255	241	0	484	255	241	0
484	255	242	0	485	255	242	0
485	255	243	0	486	255	243	0
486	255	243	0	487	255	243	0
487	255	244	0	488	255	244	0
488	255	245	0	489	255	245	0
489	255	246	0	490	255	246	0
490	255	247	0	491	255	247	0
491	255	248	0	492	255	248	0
492	255	249	0	493	255	249	0
493	255	249	0	494	255	249	0
494	255	250	0	495	255	250	0
495	255	251	0	496	255	251	0
496	255	252	0	497	255	252	0
497	255	253	0	498	255	253	0
498	255	254	0	499	255	254	0
499	255	255	0	500	255	255	0
500	255	255	0	501	255	255	0
501	255	255	0	502	255	255	0
502	255	255	0	503	255	255	0
503	255	255	0	504	255	255	0
504	255	255	0	505	255	255	0
505	255	255	0	506	255	255	0
506	255	255	0	507	255	255	0
507	255	255	0	508	255	255	0
508	255	255	0	509	255	255	0
509	255	255	0	510	255	255	0
510	255	255	0	511	255	255	0
511	255	255	0	512	255	255	0
512	255	255	0	513	255	255	0
513	255	255	0	514	255	255	0
514	255	255	0	515	255	255	0
515	255	255	0	516	255	255	0
516	255	255	0	517	255	255	0
517	255	255	0	518	255	255	0
518	255	255	0	519	255	255	0
519	255	255	0	520	255	255	0
520	255	255	0	521	255	255	0
521	255	255	0	522	255	255	0
522	255	255	0	523	255	255	0
523	255	255	0	524	255	255	0
524	255	255	0	525	255	255	0
525	255	255	0	526	255	255	0
526	255	255	0	527	255	255	0
527	255	255	0	528	255	255	0
528	255	255	0	529	255	255	0
529	255	255	0	530	255	255	0
530	255	255	0	531	255	255	0
531	255	255	0	532	255	255	0
532	255	255	0	533	255	255	0
533	255	255	0	534	255	255	0
534	255	255	0	535	255	255	0
535	255	255	0	536	255	255	0
536	255	255	0	537	255	255	0
537	255	255	0	538	255	255	0
538	255	255	0	539	255	255	0
539	255	255	0	540	255	255	0
540	255	255	0	541	255	255	0
541	255	255	0	542	255	255	0
542	255	255	0	543	255	255	0
543	255	255	0	544	255	255	0
544	255	255	0	545	255	255	0
545	255	255	0	546	255	255	0
546	255	255	0	547	255	255	0
547	255	255	0	548	255	255	0
548	255	255	0	549	255	255	0
549	255	255	0	550	255	255	0
550	255	255	0	551	255	255	0
551	255	255	0	552	255	255	0
552	255	255	0	553	255	255	0
553	255	255	0	554	255	255	0
554	255	255	0	555	255	255	0
555	255	255	0	556	255	255	0
556	255	255	0	557	255	255	0
557	255	255	0	558	255	255	0
558	255	255	0	559	255	255	0
559	255	255	0	560	255	255	0
560	255	255	0	561	255	255	0
561	255	255	0	562	255	255	0
562	255	255	0	563	255	255	0
563	255	255	0	564	255	255	0
564	255	255	0	565	255	255	0
565	255	255	0	566	255	255	0
566	255	255	0	567	255	255	0
567	255	255	0	568	255	255	0
568	255	255	0	569	255	255	0
569	255	255	0	570	255	255	0
570	255	255	0	571	255	255	0
571	255	255	0	572	255	255	0
572	255	255	0	573	255	255	0
573	255	255	0	574	255	255	0
574	255	255	0	575	255	255	0
575	255	255	0	576	255	255	0
576	255	255	0	577	255	255	0
577	255	255	0	578	255	255	0
578	255	255	0	579	255	255	0
579	255	255	0	580	255	255	0
580	255	255	0	581	255	255	0
581	255	255	0	582	255	255	0
582	255	255	0	583	255	255	0
583	255	255	0	584	255	255	0
584	255	255	0	585	255	255	0
585	255	255	0	586	255	255	0
586	255	255	0	587	255	255	0
587	255	255	0	588	255	255	0
588	255	255	0	589	255	255	0
589	255	255	0	590	255	255	0
590	255	255	0	591	255	255	0
591	255	255	0	592	255	255	0
592	255	255	0	593	255	255	0
593	255	255	0	594	255	255	0
594	255	255	0	595	255	255	0
595	255	255	0	596	255	255	0
596	255	255	0	597	255	255	0
597	255	255	0	598	255	255	0
598	255	255	0	599	255	255	0
599	255	255	0	600	255	255	0
600	254	255	0	601	254	255	0
601	252	255	0	602	252	255	0
602	251	255	1	603	251	255	1
603	249	255	1	604	249	255	1
604	247	255	1	605	247	255	1
605	246	255	2	606	246	255	2
606	244	255	2	607	244	255	2
607	243	255	2	608	243	255	2
608	241	255	3	609	241	255	3
609	239	255	3	610	239	255	3
610	238	255	3	611	238	255	3
611	236	255	3	612	236	255	3
612	234	255	4	613	234	255	4
613	233	255	4	614	233	255	4
614	231	255	4	615	231	255	4
615	229	255	5	616	229	255	5
616	228	255	5	617	228	255	5
617	226	255	5	618	226	255	5
618	224	255	6	619	224	255	6
619	223	255	6	620	223	255	6
620	221	255	6	621	221	255	6
621	219	255	6	622	219	255	6
622	218	255	7	623	218	255	7
623	216	255	7	624	216	255	7
624	214	255	7	625	214	255	7
625	213	255	8	626	213	255	8
626	211	255	8	627	211	255	8
627	209	255	8	628	209	255	8
628	208	255	9	629	208	255	9
629	206	255	9	630	206	255	9
630	205	255	9	631	205	255	9
631	203	255	9	632	203	255	9
632	201	255	10	633	201	255	10
633	200	255	10	634	200	255	10
634	198	255	10	635	198	255	10
635	196	255	11	636	196	255	11
636	195	255	11	637	195	255	11
637	193	255	11	638	193	255	11
638	191	255	12	639	191	255	12
639	190	255	12	640	190	255	12
640	188	255	12	641	188	255	12
641	186	255	12	642	186	255	12
642	185	255	13	643	185	255	13
643	183	255	13	644	183	255	13
644	181	255	13	645	181	255	13
645	180	255	14	646	180	255	14
646	178	255	14	647	178	255	14
647	176	255	14	648	176	255	14
648	175	255	15	649	175	255	15
649	173	255	15	650	173	255	15
650	172	255	15	651	172	255	15
651	170	255	15	652	170	255	15
652	168	255	16	653	168	255	16
653	167	255	16	654	167	255	16
654	165	255	16	655	165	255	16
655	163	255	17	656	163	255	17
656	162	255	17	657	162	255	17
657	160	255	17	658	160	255	17
658	158	255	18	659	158	255	18
659	157	255	18	660	157	255	18
660	155	255	18	661	155	255	18
661	153	255	18	662	153	255	18
662	152	255	19	663	152	255	19
663	150	255	19	664	150	255	19
664	148	255	19	665	148	255	19
665	147	255	20	666	147	255	20
666	145	255	20	667	145	255	20
667	143	255	20	668	143	255	20
668	142	255	21	669	142	255	21
669	140	255	21	670	140	255	21
670	138	255	21	671	138	255	21
671	137	255	21	672	137	255	21
672	135	255	22	673	135	255	22
673	134	255	22	674	134	255	22
674	132	255	22	675	132	255	22
675	130	255	23	676	130	255	23
676	129	255	23	677	129	255	23
677	127	255	23	678	127	255	23
678	125	255	24	679	125	255	24
679	124	255	24	680	124	255	24
680	122	255	24	681	122	255	24
681	120	255	24	682	120	255	24
682	119	255	25	683	119	255	25
683	117	255	25	684	117	255	25
684	115	255	25	685	115	255	25
685	114	255	26	686	114	255	26
686	112	255	26	687	112	255	26
687	110	255	26	688	110	255	26
688	109	255	27	689	109	255	27
689	107	255	27	690	107	255	27
690	105	255	27	691	105	255	27
691	104	255	27	692	104	255	27
692	102	255	28	693	102	255	28
693	100	255	28	694	100	255	28
694	99	255	28	695	99	255	28
695	97	255	29	696	97	255	29
696	96	255	29	697	96	255	29
697	94	255	29	698	94	255	29
698	92	255	30	699	92	255	30
699	91	255	30	700	91	255	30
700	89	255	31	701	89	255	31
701	89	255	31	702	89	255	31
702	88	255	32	703	88	255	32
703	87	254	33	704	87	254	33
704	86	254	34	705	86	254	34
705	85	254	35	706	85	254	35
706	84	254	35	707	84	254	35
707	83	254	36	708	83	254	36
708	82	254	37	709	82	254	37
709	81	254	38	710	81	254	38
710	80	253	39	711	80	253	39
711	80	253	39	712	80	253	39
712	79	253	40	713	79	253	40
713	78	253	41	714	78	253	41
714	77	253	42	715	77	253	42
715	76	253	43	716	76	253	43
716	75	253	43	717	75	253	43
717	74	252	44	718	74	252	44
718	73	252	45	719	73	252	45
719	72	252	46	720	72	252	46
720	71	252	47	721	71	252	47
721	70	252	47	722	70	252	47
722	70	252	48	723	70	252	48
723	69	251	49	724	69	251	49
724	68	251	50	725	68	251	50
725	67	251	51	726	67	251	51
726	66	251	51	727	66	251	51
727	65	251	52	728	65	251	52
728	64	251	53	729	64	251	53
729	63	251	54	730	63	251	54
730	62	250	55	731	62	250	55
731	61	250	55	732	61	250	55
732	61	250	56	733	61	250	56
733	60	250	57	734	60	250	57
734	59	250	58	735	59	250	58
735	58	250	59	736	58	250	59
736	57	249	59	737	57	249	59
737	56	249	60	738	56	249	60
738	55	249	61	739	55	249	61
739	54	249	62	740	54	249	62
740	53	249	63	741	53	249	63
741	52	249	63	742	52	249	63
742	52	249	64	743	52	249	64
743	51	248	65	744	51	248	65
744	50	248	66	745	50	248	66
745	49	248	67	746	49	248	67
746	48	248	67	747	48	248	67
747	47	248	68	748	47	248	68
748	46	248	69	749	46	248	69
749	45	248	70	750	45	248	70
750	44	247	71	751	44	247	71
751	43	247	71	752	43	247	71
752	43	247	72	753	43	247	72
753	42	247	73	754	42	247	73
754	41	247	74	755	41	247	74
755	40	247	75	756	40	247	75
756	39	246	75	757	39	246	75
757	38	246	76	758	38	246	76
758	37	246	77	759	37	246	77
759	36	246	78	760	36	246	78
760	35	246	79	761	35	246	79
761	34	246	79	762	34	246	79
762	34	246	80	763	34	246	80
763	33	245	81	764	33	245	81
764	32	245	82	765	32	245	82
765	31	245	83	766	31	245	83
766	30	245	83	767	30	245	83
767	29	245	84	768	29	245	84
768	28	245	85	769	28	245	85
769	27	245	86	770	27	245	86
770	26	244	87	771	26	244	87
771	25	244	87	772	25	244	87
772	25	244	88	773	25	244	88
773	24	244	89	774	24	244	89
774	23	244	90	775	23	244	90
775	22	244	91	776	22	244	91
776	21	243	91	777	21	243	91
777	20	243	92	778	20	243	92
778	19	243	93	779	19	243	93
779	18	243	94	780	18	243	94
780	17	243	95	781	17	243	95
781	16	243	95	782	16	243	95
782	16	243	96	783	16	243	96
783	15	242	97	784	15	242	97
784	14	242	98	785	14	242	98
785	13	242	99	786	13	242	99
786	12	242	99	787	12	242	99
787	11	242	100	788	11	242	100
788	10	242	101	789	10	242	101
789	9	242	102	790	9	242	102
790	8	241	103	791	8	241	103
791	7	241	103	792	7	241	103
792	7	241	104	793	7	241	104
793	6	241	105	794	6	241	105
794	5	241	106	795	5	241	106
795	4	241	107	796	4	241	107
796	3	240	107	797	3	240	107
797	2	240	108	798	2	240	108
798	1	240	109	799	1	240	109
799	0	240	110	800	0	240	110
800	0	239	111	801	0	239	111
801	0	237	113	802	0	237	113
802	0	236	114	803	0	236	114
803	0	234	115	804	0	234	115
804	0	232	117	805	0	232	117
805	0	231	118	806	0	231	118
806	0	229	120	807	0	229	120
807	0	228	121	808	0	228	121
808	0	226	123	809	0	226	123
809	0	224	124	810	0	224	124
810	0	223	126	811	0	223	126
811	0	221	127	812	0	221	127
812	0	220	129	813	0	220	129
813	0	218	130	814	0	218	130
814	0	216	131	815	0	216	131
815	0	215	133	816	0	215	133
816	0	213	134	817	0	213	134
817	0	212	136	818	0	212	136
818	0	210	137	819	0	210	137
819	0	208	139	820	0	208	139
820	0	207	140	821	0	207	140
821	0	205	142	822	0	205	142
822	0	204	143	823	0	204	143
823	0	202	144	824	0	202	144
824	0	200	146	825	0	200	146
825	0	199	147	826	0	199	147
826	0	197	149	827	0	197	149
827	0	196	150	828	0	196	150
828	0	194	152	829	0	194	152
829	0	192	153	830	0	192	153
830	0	191	155	831	0	191	155
831	0	189	156	832	0	189	156
832	0	188	158	833	0	188	158
833	0	186	159	834	0	186	159
834	0	184	160	835	0	184	160
835	0	183	162	836	0	183	162
836	0	181	163	837	0	181	163
837	0	180	165	838	0	180	165
838	0	178	166	839	0	178	166
839	0	176	168	840	0	176	168
840	0	175	169	841	0	175	169
841	0	173	171	842	0	173	171
842	0	172	172	843	0	172	172
843	0	170	174	844	0	170	174
844	0	168	175	845	0	168	175
845	0	167	176	846	0	167	176
846	0	165	178	847	0	165	178
847	0	164	179	848	0	164	179
848	0	162	181	849	0	162	181
849	0	160	182	850	0	160	182
850	0	159	184	851	0	159	184
851	0	157	185	852	0	157	185
852	0	156	187	853	0	156	187
853	0	154	188	854	0	154	188
854	0	152	189	855	0	152	189
855	0	151	191	856	0	151	191
856	0	149	192	857	0	149	192
857	0	148	194	858	0	148	194
858	0	146	195	859	0	146	195
859	0	144	197	860	0	144	197
860	0	143	198	861	0	143	198
861	0	141	200	862	0	141	200
862	0	139	201	863	0	139	201
863	0	138	203	864	0	138	203
864	0	136	204	865	0	136	204
865	0	135	205	866	0	135	205
866	0	133	207	867	0	133	207
867	0	131	208	868	0	131	208
868	0	130	210	869	0	130	210
869	0	128	211	870	0	128	211
870	0	127	213	871	0	127	213
871	0	125	214	872	0	125	214
872	0	123	216	873	0	123	216
873	0	122	217	874	0	122	217
874	0	120	218	875	0	120	218
875	0	119	220	876	0	119	220
876	0	117	221	877	0	117	221
877	0	115	223	878	0	115	223
878	0	114	224	879	0	114	224
879	0	112	226	880	0	112	226
880	0	111	227	881	0	111	227
881	0	109	229	882	0	109	229
882	0	107	230	883	0	107	230
883	0	106	232	884	0	106	232
884	0	104	233	885	0	104	233
885	0	103	234	886	0	103	234
886	0	101	236	887	0	101	236
887	0	99	237	888	0	99	237
888	0	98	239	889	0	98	239
889	0	96	240	890	0	96	240
890	0	95	242	891	0	95	242
891	0	93	243	892	0	93	243
892	0	91	245	893	0	91	245
893	0	90	246	894	0	90	246
894	0	88	248	895	0	88	248
895	0	87	249	896	0	87	249
896	0	85	250	897	0	85	250
897	0	83	252	898	0	83	252
898	0	82	253	899	0	82	253
899	0	80	255	900	0	80	255
900	0	79	255	901	0	79	255
901	0	79	254	902	0	79	254
902	0	78	254	903	0	78	254
903	0	77	253	904	0	77	253
904	0	76	253	905	0	76	253
905	0	75	252	906	0	75	252
906	0	75	252	907	0	75	252
907	0	74	251	908	0	74	251
908	0	73	251	909	0	73	251
909	0	72	250	910	0	72	250
910	0	71	250	911	0	71	250
911	0	71	249	912	0	71	249
912	0	70	249	913	0	70	249
913	0	69	248	914	0	69	248
914	0	68	248	915	0	68	248
915	0	67	247	916	0	67	247
916	0	67	247	917	0	67	247
917	0	66	246	918	0	66	246
918	0	65	246	919	0	65	246
919	0	64	245	920	0	64	245
920	0	63	245	921	0	63	245
921	0	63	244	922	0	63	244
922	0	62	244	923	0	62	244
923	0	61	243	924	0	61	243
924	0	60	243	925	0	60	243
925	0	59	242	926	0	59	242
926	0	59	242	927	0	59	242
927	0	58	241	928	0	58	241
928	0	57	241	929	0	57	241
929	0	56	240	930	0	56	240
930	0	55	240	931	0	55	240
931	0	55	239	932	0	55	239
932	0	54	239	933	0	54	239
933	0	53	238	934	0	53	238
934	0	52	238	935	0	52	238
935	0	51	237	936	0	51	237
936	0	51	237	937	0	51	237
937	0	50	236	938	0	50	236
938	0	49	236	939	0	49	236
939	0	48	235	940	0	48	235
940	0	47	235	941	0	47	235
941	0	47	234	942	0	47	234
942	0	46	234	943	0	46	234
943	0	45	233	944	0	45	233
944	0	44	233	945	0	44	233
945	0	43	232	946	0	43	232
946	0	43	232	947	0	43	232
947	0	42	231	948	0	42	231
948	0	41	231	949	0	41	231
949	0	40	230	950	0	40	230
950	0	39	230	951	0	39	230
951	0	39	229	952	0	39	229
952	0	38	229	953	0	38	229
953	0	37	228	954	0	37	228
954	0	36	228	955	0	36	228
955	0	35	227	956	0	35	227
956	0	35	227	957	0	35	227
957	0	34	226	958	0	34	226
958	0	33	226	959	0	33	226
959	0	32	225	960	0	32	225
960	0	31	225	961	0	31	225
961	0	31	224	962	0	31	224
962	0	30	224	963	0	30	224
963	0	29	223	964	0	29	223
964	0	28	223	965	0	28	223
965	0	28	222	966	0	28	222
966	0	27	222	967	0	27	222
967	0	26	221	968	0	26	221
968	0	25	221	969	0	25	221
969	0	24	220	970	0	24	220
970	0	24	220	971	0	24	220
971	0	23	219	972	0	23	219
972	0	22	219	973	0	22	219
973	0	21	218	974	0	21	218
974	0	20	218	975	0	20	218
975	0	20	217	976	0	20	217
976	0	19	217	977	0	19	217
977	0	18	216	978	0	18	216
978	0	17	216	979	0	17	216
979	0	16	215	980	0	16	215
980	0	16	215	981	0	16	215
981	0	15	214	982	0	15	214
982	0	14	214	983	0	14	214
983	0	13	213	984	0	13	213
984	0	12	213	985	0	12	213
985	0	12	212	986	0	12	212
986	0	11	212	987	0	11	212
987	0	10	211	988	0	10	211
988	0	9	211	989	0	9	211
989	0	8	210	990	0	8	210
990	0	8	210	991	0	8	210
991	0	7	209	992	0	7	209
992	0	6	209	993	0	6	209
993	0	5	208	994	0	5	208
994	0	4	208	995	0	4	208
995	0	4	207	996	0	4	207
996	0	3	207	997	0	3	207
997	0	2	206	998	0	2	206
998	0	1	206	999	0	1	206
999	0	0	205	1000	0	0	205
B	0	0	0
F	255	255	255
N	128	128	128
