#	cpt file created by: makecpt -Cseis -Z -T-1/6/0.5 -I
#COLOR_MODEL = RGB
#
#0.	248 248 255	0.38	248 248 255	
#0.38	245 245 245	0.5	245 245 245 
#0.	245 245 245	        0.5	245 245 245 
0.    220 220 220              0.8	0	125	200
0.8	0	125	210	1.3	0	125	210
1.3	0	125	214	3.	0	228	121
3.0	0	228	121	5.	51	249	64
5.	51	249	64	8.	125	255	24
8.	125	255	24	10.	231	255	4
10.	231	255	4	13.	255	255	0
13.	255	255	0	15.	255	243	0
15.	255	243	0	18.	255	188	0
18.	255	188	0	20.	255	133	0
20.	255	133	0	23.	255	79	0
23.	255	79	0	50.	255	24	0
50.	255	24	0	70.	224	0	0
70.	224	0	0	100.	170	0	0
B	255	255	255
F	0	0	0
N	128	128	128
