#	cpt file created by: makecpt -Cseis -Z -T-1/6/0.5 -I
#COLOR_MODEL = RGB
#
0.	248 248 255	0.04	248 248 255	
0.04	245 245 245	0.05	245 245 245 
0.05    220 220 220     0.08	0	125	200
0.08	0	125	210	0.13	0	125	210
0.13	0	125	214	0.3	0	228	121
0.30	0	228	121	0.5	51	249	64
0.5	51	249	64	0.8	125	255	24
0.8	125	255	24	1.	231	255	4
1.0	231	255	4	1.3	255	255	0
1.3	255	255	0	1.5	255	243	0
1.5	255	243	0	1.8	255	188	0
1.8	255	188	0	2.0	255	133	0
2.0	255	133	0	2.3	255	79	0
2.3	255	79	0	3.0	255	24	0
3.0	255	24	0	5.0	224	0	0
B	255	255	255
F	0	0	0
N	128	128	128
