#	cpt file created by: makecpt -I -Cgray -T0.0/0.6/0.01
#COLOR_MODEL = RGB
#
0	253	253	253	0.01	253	253	253
0.01	249	249	249	0.02	249	249	249
0.02	244	244	244	0.03	244	244	244
0.03	240	240	240	0.04	240	240	240
0.04	236	236	236	0.05	236	236	236
0.05	232	232	232	0.06	232	232	232
0.06	227	227	227	0.07	227	227	227
0.07	223	223	223	0.08	223	223	223
0.08	219	219	219	0.09	219	219	219
0.09	215	215	215	0.1	215	215	215
0.1	210	210	210	0.11	210	210	210
0.11	206	206	206	0.12	206	206	206
0.12	202	202	202	0.13	202	202	202
0.13	198	198	198	0.14	198	198	198
0.14	193	193	193	0.15	193	193	193
0.15	189	189	189	0.16	189	189	189
0.16	185	185	185	0.17	185	185	185
0.17	181	181	181	0.18	181	181	181
0.18	176	176	176	0.19	176	176	176
0.19	172	172	172	0.2	172	172	172
0.2	168	168	168	0.21	168	168	168
0.21	164	164	164	0.22	164	164	164
0.22	159	159	159	0.23	159	159	159
0.23	155	155	155	0.24	155	155	155
0.24	151	151	151	0.25	151	151	151
0.25	147	147	147	0.26	147	147	147
0.26	142	142	142	0.27	142	142	142
0.27	138	138	138	0.28	138	138	138
0.28	134	134	134	0.29	134	134	134
0.29	130	130	130	0.3	130	130	130
0.3	125	125	125	0.31	125	125	125
0.31	121	121	121	0.32	121	121	121
0.32	117	117	117	0.33	117	117	117
0.33	113	113	113	0.34	113	113	113
0.34	108	108	108	0.35	108	108	108
0.35	104	104	104	0.36	104	104	104
0.36	100	100	100	0.37	100	100	100
0.37	96	96	96	0.38	96	96	96
0.38	91	91	91	0.39	91	91	91
0.39	87	87	87	0.4	87	87	87
0.4	83	83	83	0.41	83	83	83
0.41	79	79	79	0.42	79	79	79
0.42	74	74	74	0.43	74	74	74
0.43	70	70	70	0.44	70	70	70
0.44	66	66	66	0.45	66	66	66
0.45	62	62	62	0.46	62	62	62
0.46	57	57	57	0.47	57	57	57
0.47	53	53	53	0.48	53	53	53
0.48	49	49	49	0.49	49	49	49
0.49	45	45	45	0.5	45	45	45
0.5	40	40	40	0.51	40	40	40
0.51	36	36	36	0.52	36	36	36
0.52	32	32	32	0.53	32	32	32
0.53	28	28	28	0.54	28	28	28
0.54	23	23	23	0.55	23	23	23
0.55	19	19	19	0.56	19	19	19
0.56	15	15	15	0.57	15	15	15
0.57	11	11	11	0.58	11	11	11
0.58	6	6	6	0.59	6	6	6
0.59	2	2	2	0.6	2	2	2
B	255	255	255
F	0	0	0
N	128	128	128
