#	cpt file created by: makecpt -Cgray -T-100/20000/500 -I
#COLOR_MODEL = RGB
#
-100	255	255	255	400	255	255	255
400	249	249	249	900	249	249	249
900	242	242	242	1400	242	242	242
1400	236	236	236	1900	236	236	236
1900	229	229	229	2400	229	229	229
2400	223	223	223	2900	223	223	223
2900	217	217	217	3400	217	217	217
3400	210	210	210	3900	210	210	210
3900	204	204	204	4400	204	204	204
4400	198	198	198	4900	198	198	198
4900	191	191	191	5400	191	191	191
5400	185	185	185	5900	185	185	185
5900	179	179	179	6400	179	179	179
6400	172	172	172	6900	172	172	172
6900	166	166	166	7400	166	166	166
7400	159	159	159	7900	159	159	159
7900	153	153	153	8400	153	153	153
8400	147	147	147	8900	147	147	147
8900	140	140	140	9400	140	140	140
9400	134	134	134	9900	134	134	134
9900	127	127	127	10400	127	127	127
10400	121	121	121	10900	121	121	121
10900	115	115	115	11400	115	115	115
11400	108	108	108	11900	108	108	108
11900	102	102	102	12400	102	102	102
12400	96	96	96	12900	96	96	96
12900	89	89	89	13400	89	89	89
13400	83	83	83	13900	83	83	83
13900	77	77	77	14400	77	77	77
14400	70	70	70	14900	70	70	70
14900	64	64	64	15400	64	64	64
15400	57	57	57	15900	57	57	57
15900	51	51	51	16400	51	51	51
16400	45	45	45	16900	45	45	45
16900	38	38	38	17400	38	38	38
17400	32	32	32	17900	32	32	32
17900	25	25	25	18400	25	25	25
18400	19	19	19	18900	19	19	19
18900	13	13	13	19400	13	13	13
19400	6	6	6	19900	6	6	6
B	255	255	255
F	0	0	0
N	128	128	128
