#	cpt file created by: makecpt -Cseis -Z -T-1/6/0.5 -I
#COLOR_MODEL = RGB
#
0.	248 248 255	0.75	248 248 255	
0.75	245 245 245	1.0	245 245 245 
1.0    220 220 220      1.5	0	125	200
1.5	0	125	210	2.5	0	125	210
2.5	0	125	214	5.0	0	228	121
5.0	0	228	121	10.	51	249	64
10.	51	249	64	15.	125	255	24
15.	125	255	24	20.	231	255	4
20.	231	255	4	25.	255	255	0
25.	255	255	0	30.	255	243	0
30.	255	243	0	35.	255	188	0
35.	255	188	0	40.	255	133	0
40.	255	133	0	45.	255	79	0
45.	255	79	0	50.	255	24	0
50.	255	24	0	55.	224	0	0
55.0	224	0	0	100	170	0	0
B	255	255	255
F	0	0	0
N	128	128	128
