13.35776957 42.69409158
13.35730935 42.69256310
13.35142434 42.68661614
13.35126737 42.68561430
13.35205773 42.68389667
13.35088850 42.68240299
13.35039373 42.68125220
13.35085013 42.67970087
13.34978308 42.67757827
13.35045171 42.67539964
13.35025235 42.67369478
13.34860090 42.67338281
13.34772539 42.67280285
13.34676412 42.67133013
13.34668491 42.67063558
13.34778368 42.66876034
13.35033891 42.66856304
13.35189339 42.66702751
13.35506419 42.66569530
13.35719564 42.66400589
13.36036279 42.66001693
13.36044220 42.65838812
13.36120991 42.65703030
13.36433339 42.65564312
13.36788032 42.65342440
13.36992390 42.64896888
13.37167302 42.64880465
13.37346808 42.64968566
13.37676854 42.64986756
13.37876090 42.65020196
13.38180897 42.64981282
13.38387975 42.64851828
13.38851107 42.64725076
13.39052205 42.64590123
13.39429940 42.64606231
13.39870659 42.64688946
13.40200990 42.64555779
13.40342542 42.64409166
13.40526873 42.64308173
13.40828756 42.64286257
13.40975054 42.63904664
13.40930656 42.63636590
13.40649920 42.63359827
13.40734107 42.63117854
13.40678150 42.62922561
13.40588550 42.62846570
13.40129853 42.62665474
13.39971105 42.62434522
13.39688031 42.62249556
13.39463289 42.62170764
13.39396318 42.62024839
13.39660909 42.61644919
13.39689342 42.61488624
13.39542093 42.61238916
13.39067724 42.60911671
13.38982766 42.60611499
13.39026445 42.60430205
13.38900569 42.60164579
13.39005985 42.59948132
13.39103539 42.59330834
13.39402324 42.59125202
13.38940504 42.58989941
13.38947900 42.58843258
13.38899399 42.58739014
13.38356615 42.58568370
13.38293469 42.58512546
13.38481419 42.58404432
13.38432416 42.58324494
13.38256681 42.58240065
13.38178628 42.58101180
13.37466856 42.58104611
13.37308251 42.58063636
13.37202866 42.58135983
13.37044382 42.57996848
13.36854532 42.58082398
13.36570401 42.58087353
13.36078011 42.57859686
13.35924119 42.57826865
13.35599184 42.57859128
13.35446267 42.57648908
13.35207853 42.57679701
13.35090361 42.57745551
13.34706490 42.57747222
13.34366788 42.57507275
13.34283214 42.57489857
13.33951923 42.57530987
13.33529445 42.57836440
13.32763876 42.57987386
13.32309705 42.57974442
13.31997669 42.57706913
13.31749769 42.57636635
13.31565706 42.57639333
13.31521560 42.57512609
13.31194419 42.57400629
13.31137279 42.57349357
13.30977902 42.57385730
13.30780521 42.57250437
13.30743961 42.57385877
13.30502096 42.57230111
13.29699690 42.57208303
13.29738196 42.57094508
13.29329018 42.56953338
13.29126452 42.57052979
13.28948359 42.57415939
13.28651155 42.57723982
13.28430299 42.58226777
13.28362550 42.58251877
13.28047262 42.58239944
13.27981053 42.58256060
13.27936489 42.58325633
13.27529530 42.58322214
13.27012115 42.58216253
13.26803272 42.58277035
13.26155255 42.58309544
13.25591267 42.58257744
13.25474859 42.58194735
13.25381031 42.58196007
13.25331505 42.58179042
13.25350722 42.57972213
13.24997796 42.57825442
13.25027602 42.57671907
13.24873636 42.57559689
13.24805117 42.57437969
13.24732773 42.57410747
13.24655301 42.57434777
13.24596708 42.57395157
13.24594164 42.57269944
13.23569347 42.57491045
13.23403822 42.57569542
13.23061748 42.57864140
13.22851949 42.58168879
13.22679401 42.58283279
13.21998581 42.58225891
13.21911588 42.58242550
13.21864380 42.58403911
13.21745380 42.58429076
13.21271088 42.58224469
13.21189992 42.58403759
13.21112165 42.58457927
13.20875078 42.58436211
13.20817828 42.58351566
13.20713642 42.58330124
13.20435297 42.58559902
13.20303938 42.58594764
13.19933299 42.58597948
13.19718093 42.58666605
13.19136781 42.58751096
13.19106184 42.58756916
13.19133273 42.58619563
13.19235595 42.58403701
13.19227752 42.57796169
13.18098650 42.57069577
13.17428103 42.56750927
13.17439092 42.56372879
13.17681810 42.54731471
13.17352345 42.54544315
13.17098035 42.54708657
13.16886001 42.54457623
13.16779344 42.54190260
13.16668302 42.54114639
13.16634685 42.53933094
13.16507713 42.53776619
13.16444831 42.53761653
13.16215963 42.53884059
13.16029420 42.53891871
13.15808081 42.54047709
13.15580719 42.54004427
13.15661731 42.53889562
13.15700383 42.53609217
13.15851670 42.53228923
13.15986587 42.53111319
13.16066386 42.52965814
13.15909048 42.52767870
13.15776484 42.52843185
13.15736019 42.52771392
13.15810211 42.52609588
13.15994530 42.52467564
13.15981417 42.52334974
13.16054740 42.52201071
13.16709714 42.51741488
13.16666600 42.51384185
13.16925911 42.51382929
13.17476386 42.51458352
13.17487589 42.51364875
13.17646230 42.51351191
13.17777814 42.51263231
13.17740670 42.50783553
13.17634046 42.50598146
13.17392317 42.49285810
13.17141079 42.48511840
13.17172398 42.48315121
13.17217240 42.48278013
13.17842909 42.47933163
13.15406134 42.46232660
13.15173992 42.46435142
13.14628712 42.46202098
13.13802112 42.46307567
13.13627968 42.45989545
13.13338191 42.45835337
13.11617500 42.44390169
13.12719216 42.44036753
13.13331011 42.43496502
13.14198383 42.42902728
13.15311337 42.41737396
13.15517049 42.41421014
13.16177537 42.41068705
13.16699375 42.40923970
13.16958333 42.40711075
13.17633001 42.40624121
13.18325371 42.40377109
13.18469964 42.40418125
13.18549572 42.40397772
13.18685858 42.40180194
13.18920216 42.40021799
13.18858991 42.39821809
13.19415837 42.38919233
13.18939769 42.38111126
13.16950619 42.37006964
13.15334820 42.35699549
13.15724048 42.35425739
13.16132018 42.35301710
13.17164353 42.34873346
13.17684196 42.34360201
13.17764589 42.34307445
13.17974174 42.34282858
13.18308595 42.34050415
13.18388608 42.33969732
13.18512616 42.33626780
13.19134348 42.33234054
13.19492243 42.33113617
13.19684259 42.33104932
13.19934956 42.33166509
13.20212118 42.33111422
13.20508364 42.32933249
13.20870446 42.32621013
13.22031243 42.31953762
13.22284642 42.31919869
13.22645840 42.31933568
13.22748046 42.31017469
13.22683909 42.30623828
13.22835645 42.29754421
13.22798565 42.29261235
13.22862307 42.28845255
13.22936265 42.28631160
13.23271814 42.28217571
13.23460705 42.27787305
13.23407844 42.27640597
13.23440498 42.27558247
13.23862859 42.27282864
13.23972454 42.27006269
13.24264701 42.26897730
13.24316546 42.26971021
13.25665063 42.26480977
13.25966587 42.26184765
13.26257116 42.25980237
13.26339445 42.25810374
13.27123617 42.25416964
13.27545779 42.24826236
13.27430521 42.24432749
13.27450508 42.24363705
13.28212124 42.23723119
13.28866874 42.23441120
13.29201919 42.23241683
13.29415867 42.23216950
13.29721753 42.23108023
13.30178948 42.23049961
13.30827815 42.23073060
13.31539400 42.22973665
13.31992859 42.22964107
13.32331838 42.22791653
13.32627548 42.22517692
13.32712329 42.22375736
13.33561780 42.22240400
13.33730624 42.22036615
13.34098066 42.21733485
13.33312974 42.21102045
13.33188433 42.20818349
13.33453533 42.20641184
13.33775284 42.20336950
13.34051953 42.19901468
13.34468316 42.19680536
13.35222636 42.19128529
13.35783161 42.19276161
13.35953316 42.19254280
13.35994835 42.19145902
13.36355489 42.18920502
13.36672313 42.18845766
13.37039858 42.18869006
13.37278820 42.18809357
13.37608783 42.18547458
13.37896342 42.18429045
13.37973530 42.18346381
13.37988494 42.18044893
13.36755629 42.18006697
13.36115181 42.17817445
13.35595195 42.17556936
13.35395827 42.17494637
13.35054106 42.17505938
13.34778238 42.17592027
13.34235943 42.17681466
13.35456328 42.16737203
13.35395360 42.16672386
13.35074713 42.16573217
13.34482819 42.16479134
13.33360181 42.16679922
13.33240533 42.16534088
13.32726317 42.16386107
13.32508003 42.16219913
13.32318779 42.16141498
13.32271392 42.16103881
13.32315358 42.16043283
13.32609269 42.15868358
13.32720176 42.15652932
13.32874709 42.15492627
13.32712779 42.15379493
13.32656501 42.15451170
13.32553305 42.15408687
13.32301935 42.15226696
13.31909398 42.15396117
13.31747726 42.15365377
13.31376843 42.15020406
13.31125104 42.14881163
13.30965082 42.14692382
13.30454376 42.13650958
13.29835290 42.13630533
13.29372710 42.13686253
13.29176449 42.13668472
13.28861966 42.13584081
13.28056864 42.13228013
13.27835599 42.13670490
13.27573639 42.13960149
13.27569902 42.14054656
13.27442675 42.14014917
13.27458167 42.13933196
13.27530071 42.13917166
13.27528959 42.13824388
13.27388264 42.13701592
13.27224182 42.13772970
13.27147874 42.13731294
13.26949950 42.13755327
13.26499521 42.13679177
13.26429951 42.13568252
13.26286908 42.13533665
13.26186689 42.13437584
13.26116034 42.13412197
13.26001064 42.13457285
13.25968812 42.13352326
13.25653436 42.13115183
13.24877294 42.12743121
13.23721986 42.12913649
13.23565538 42.13233657
13.22897163 42.13904207
13.22433855 42.14202345
13.22334573 42.14334096
13.21361707 42.14503607
13.21157399 42.14623804
13.20569075 42.14844266
13.19944852 42.15303692
13.19605144 42.15674801
13.19529618 42.15819509
13.18326914 42.15888778
13.18299130 42.15758653
13.17940789 42.15508911
13.17813777 42.15337583
13.17505424 42.15200294
13.16970646 42.15071094
13.16786569 42.15409478
13.16211688 42.15616422
13.16030637 42.15726993
13.15830183 42.15749893
13.15641686 42.15823415
13.15299417 42.16105196
13.14771176 42.16246174
13.14078253 42.16801431
13.13772047 42.16841492
13.13465569 42.16929271
13.13177193 42.17143420
13.13154963 42.17200695
13.13052971 42.17210740
13.12930343 42.17384355
13.12813201 42.17416666
13.12707124 42.17399624
13.12445598 42.17648414
13.12341126 42.17699839
13.11969151 42.17669431
13.11753874 42.17578542
13.11339607 42.17502390
13.11178365 42.17552871
13.10999265 42.17549920
13.10750375 42.17652985
13.10279131 42.17619983
13.09909172 42.17805681
13.09577293 42.17769555
13.09283010 42.17689916
13.08849420 42.17815083
13.08705036 42.17787459
13.08680342 42.17321446
13.08929421 42.17089646
13.09168734 42.16981958
13.09263617 42.16886274
13.09344565 42.16649866
13.09294510 42.16219455
13.09373461 42.15930779
13.09112955 42.15617546
13.09047318 42.15584032
13.08678936 42.15560782
13.08591180 42.15459353
13.08572200 42.15366275
13.08715497 42.14787789
13.08689958 42.14591035
13.08591839 42.14392169
13.08431543 42.14172452
13.07680868 42.13904122
13.07509931 42.13597757
13.07503153 42.13499479
13.07309165 42.13194525
13.07164337 42.13102933
13.06925674 42.13034976
13.06557752 42.12759502
13.06413874 42.12597670
13.05981554 42.12295873
13.05864690 42.12277685
13.05220862 42.12328010
13.04789937 42.12217116
13.04747737 42.12173170
13.04694893 42.11807532
13.04496975 42.11633949
13.04219728 42.11604004
13.03973328 42.11630416
13.03878093 42.11775584
13.03700053 42.11900421
13.03437214 42.11992283
13.03186935 42.12182518
13.03076997 42.12210801
13.03050729 42.12061753
13.03157905 42.11830791
13.03031722 42.11725958
13.03054970 42.11536783
13.03290517 42.11415193
13.03298121 42.11364891
13.03062496 42.11357245
13.03026191 42.11318797
13.03033211 42.11249573
13.03081323 42.11217977
13.03160673 42.11234649
13.03203325 42.11184048
13.03145391 42.10906573
13.03276141 42.10786336
13.03283017 42.10718009
13.03123320 42.10486520
13.03047922 42.10460910
13.02839512 42.10045760
13.02655372 42.09938125
13.02609838 42.09845482
13.02492840 42.09757912
13.02416021 42.09739478
13.02397088 42.09689619
13.02520758 42.09599889
13.02528439 42.09545986
13.02456103 42.09540237
13.02388489 42.09420195
13.02409280 42.09217920
13.02322685 42.09008392
13.02335791 42.08897845
13.02190952 42.08852120
13.02126588 42.08783465
13.02213986 42.08654387
13.02156343 42.08408432
13.02187240 42.08308999
13.01946924 42.08028371
13.01933583 42.07911965
13.01971712 42.07737908
13.01848686 42.07493524
13.02028594 42.07229154
13.02268041 42.06485791
13.02360186 42.06397320
13.02962141 42.06199637
13.02709984 42.05485634
13.02662082 42.05002091
13.03740581 42.04236171
13.04647788 42.03531175
13.04821068 42.02961342
13.04937521 42.02468893
13.04924181 42.02353389
13.05032393 42.02330011
13.05072968 42.02149680
13.05335435 42.01857838
13.05453344 42.01637389
13.05812014 42.01556106
13.06052548 42.01549367
13.06483324 42.01244131
13.07221908 42.01060231
13.07621931 42.01091261
13.07779855 42.00939905
13.07969392 42.00898948
13.08299351 42.00889155
13.08484999 42.00981415
13.08986190 42.00897908
13.09105619 42.00822443
13.09263598 42.00789046
13.09927794 42.00827986
13.10125208 42.00809640
13.10103136 42.01103773
13.09973921 42.01267345
13.09624074 42.01981129
13.09762803 42.02556214
13.09849153 42.02616185
13.10160395 42.02669971
13.10385095 42.02629557
13.11396160 42.02259861
13.11786625 42.02001495
13.12424470 42.01791291
13.13370511 42.01696843
13.13617471 42.01592785
13.13994751 42.01534963
13.14067020 42.01500110
13.14127976 42.01397528
13.14421207 42.01362647
13.14507760 42.01212745
13.14793842 42.01174137
13.14924281 42.01091584
13.15047267 42.00931457
13.15322656 42.00845832
13.15508007 42.00613754
13.15648340 42.00562874
13.15757031 42.00439435
13.15939875 42.00462182
13.16117366 42.00294813
13.16111770 42.00152426
13.16413109 42.00128432
13.16519030 42.00013947
13.16697142 41.99950148
13.16790301 41.99860674
13.17407083 41.99613830
13.17751439 41.99603093
13.18050381 41.99495261
13.18263565 41.99470720
13.18763160 41.99095860
13.19245254 41.98910732
13.19635565 41.98894358
13.19908110 41.98650069
13.20168406 41.98621729
13.20409858 41.98533647
13.20507572 41.98580206
13.20537178 41.98687842
13.20597155 41.98701389
13.20818897 41.98714760
13.21266259 41.98646084
13.21491355 41.98754059
13.21577869 41.98726585
13.21635674 41.98557267
13.21939586 41.98524161
13.22409476 41.98383741
13.22577547 41.98416961
13.22773939 41.98256084
13.23154121 41.98169185
13.23284908 41.97849679
13.23427782 41.97699674
13.23812782 41.97351648
13.23960021 41.97307975
13.24121414 41.97189767
13.24493992 41.97111713
13.24626638 41.97029082
13.24808375 41.97047169
13.25091743 41.97011863
13.25194281 41.96969295
13.25278958 41.96875119
13.25439948 41.96811823
13.26045199 41.96876851
13.26597767 41.96660058
13.26676141 41.96618012
13.26672905 41.96516193
13.26757270 41.96474237
13.26774014 41.96390732
13.26930593 41.96313839
13.26989280 41.96149010
13.27268486 41.95955979
13.27534649 41.95885230
13.27633318 41.95759724
13.28104518 41.95556946
13.28242057 41.95423911
13.28325547 41.95232427
13.28603440 41.95037542
13.28851629 41.94960189
13.29201197 41.94974402
13.29313498 41.94878806
13.29416858 41.94849721
13.29627635 41.94861407
13.29819255 41.95413181
13.30255339 41.95440353
13.30487442 41.95513131
13.30614939 41.95482591
13.31118393 41.95106343
13.31349577 41.95032289
13.31829419 41.94722309
13.32261896 41.94516089
13.32541723 41.94196850
13.33396324 41.93388813
13.33537683 41.93099961
13.33636223 41.92741137
13.33753350 41.92597833
13.34295644 41.92427349
13.34549460 41.92217560
13.35004666 41.92103427
13.35121119 41.92122213
13.35477329 41.92294841
13.35501774 41.92469914
13.35654678 41.92573875
13.35989190 41.92553442
13.36122041 41.92451766
13.36437449 41.92475178
13.36583189 41.92342159
13.36585612 41.92151259
13.36677738 41.91992258
13.37835431 41.91180087
13.37861955 41.91037261
13.38282861 41.90604589
13.38399594 41.90418900
13.38412036 41.90310999
13.38363257 41.90189627
13.38040123 41.89854540
13.37896061 41.89641757
13.37885203 41.89592970
13.37994765 41.89456719
13.37974850 41.89386188
13.37612401 41.88862750
13.37391567 41.88703814
13.37345623 41.88424416
13.36676765 41.88008733
13.36245267 41.87397358
13.35750828 41.86939975
13.35983474 41.86937897
13.36064160 41.86894018
13.36240278 41.86697490
13.36568327 41.86495917
13.36727876 41.86332469
13.36712348 41.86043142
13.36452263 41.85424303
13.36475358 41.85320157
13.36548286 41.85247343
13.36814867 41.85092621
13.36982392 41.84945494
13.36796487 41.84771731
13.36701897 41.84561437
13.36702529 41.84393026
13.36858123 41.84051192
13.36797663 41.83825171
13.36871204 41.83586645
13.36735664 41.83470337
13.36683189 41.83306574
13.36731914 41.83047881
13.37189460 41.82717535
13.37337208 41.82636770
13.37497337 41.82447199
13.37604926 41.82287505
13.37627894 41.82097793
13.37952156 41.81745717
13.38212151 41.81698947
13.38729176 41.81726033
13.39151503 41.81978734
13.39228881 41.82350884
13.39516766 41.82929524
13.39630319 41.83403500
13.40450926 41.83712594
13.40746356 41.83746417
13.41247579 41.83539904
13.41690198 41.83466757
13.41974788 41.83353593
13.42591681 41.82997303
13.42798317 41.83017246
13.43186442 41.82806397
13.43929850 41.82689532
13.44659508 41.82393205
13.45223361 41.82268422
13.45563849 41.82038387
13.45752585 41.81636981
13.45843669 41.81590019
13.46059838 41.81590667
13.46102933 41.81550715
13.46255609 41.81096129
13.46375466 41.80945072
13.46847607 41.80761340
13.46970628 41.80663008
13.47116166 41.80625317
13.47485012 41.80641029
13.47700585 41.80759174
13.48062448 41.80438830
13.48243731 41.80341254
13.48366457 41.80306849
13.48757237 41.80331366
13.48812931 41.80338404
13.49256813 41.80286597
13.49622294 41.80199521
13.49972963 41.80237431
13.50172572 41.80089627
13.50440689 41.80154367
13.50567749 41.80125398
13.50869484 41.79728528
13.50894564 41.79475769
13.51118685 41.79102201
13.51124187 41.78864498
13.51706134 41.78312717
13.52155366 41.77981662
13.52021740 41.77513399
13.52043530 41.77296620
13.52241715 41.77260443
13.52547239 41.77053614
13.52940286 41.77015421
13.53256970 41.76899683
13.53501801 41.76712768
13.54329255 41.76402655
13.54532755 41.76235909
13.54790490 41.76115779
13.54918266 41.76105685
13.55373260 41.76251927
13.55536591 41.76265690
13.56254429 41.76117079
13.56797152 41.75619485
13.57181457 41.75429726
13.57383451 41.75434937
13.57622533 41.75501850
13.57800880 41.75812087
13.58610280 41.76643486
13.59192909 41.76790245
13.59417367 41.76815511
13.59597087 41.76794292
13.59749411 41.76869107
13.60182139 41.76941932
13.60918657 41.77376888
13.61335489 41.77797134
13.61698609 41.77980744
13.62073249 41.77905090
13.62447377 41.77970821
13.62881867 41.78128229
13.63126890 41.78264450
13.64209558 41.79135633
13.64276374 41.79218383
13.64265481 41.79337142
13.63942437 41.79586407
13.64068771 41.79702287
13.64067171 41.80005791
13.63936700 41.80142048
13.63729681 41.80254878
13.63846267 41.80431890
13.64176924 41.80622242
13.64773150 41.81100774
13.66213730 41.81144214
13.66288727 41.81127074
13.66583472 41.80903085
13.66940942 41.80850040
13.67168050 41.80751794
13.67516405 41.80731500
13.67660534 41.80568340
13.67852869 41.80466078
13.68307388 41.80429868
13.68476242 41.79891404
13.68626215 41.79734603
13.68968260 41.79546669
13.69055983 41.79322503
13.69271120 41.79152025
13.69627679 41.79076819
13.69825042 41.78958369
13.70108773 41.78855302
13.70316155 41.78836029
13.70555029 41.78746856
13.70733989 41.78760580
13.70847044 41.78825799
13.71288697 41.79427898
13.71649556 41.79739964
13.71814523 41.79796747
13.71933654 41.79796275
13.72257912 41.79715223
13.72669759 41.79702683
13.72829453 41.79845857
13.72956120 41.79890491
13.72886373 41.79765427
13.73007261 41.79557810
13.72915018 41.79170403
13.73029937 41.78833924
13.73275648 41.78579046
13.73622629 41.78436060
13.73793150 41.78272212
13.73981536 41.78238253
13.74361248 41.77956000
13.74401309 41.77876278
13.74382777 41.77531119
13.74753762 41.77446904
13.74911046 41.77278391
13.74948784 41.77133794
13.74866828 41.76955469
13.74863518 41.76692437
13.75023550 41.76503237
13.74939895 41.76354616
13.74945761 41.76058358
13.76165204 41.75567191
13.76245125 41.75287042
13.76111310 41.75070338
13.76194314 41.74930728
13.76476041 41.74850898
13.77159352 41.74906862
13.77505147 41.74874527
13.78619159 41.74411695
13.79015736 41.74296988
13.79904288 41.74889049
13.80562146 41.74825655
13.80871269 41.75277401
13.81013580 41.75386957
13.81161852 41.75426320
13.81327604 41.75390205
13.81564033 41.75214311
13.81926592 41.74732578
13.82143190 41.74327696
13.82348357 41.74088417
13.82761572 41.73917909
13.83253710 41.73901305
13.83606509 41.73809412
13.83949926 41.73770554
13.84650738 41.73855971
13.84872762 41.73805058
13.85138222 41.73688825
13.85219075 41.73400515
13.85452355 41.73199289
13.85644877 41.73123748
13.85901706 41.73083069
13.86262294 41.73090247
13.86573570 41.73032078
13.86926674 41.73054472
13.87152091 41.72953110
13.87600666 41.72947600
13.88058409 41.72829576
13.88180536 41.72856885
13.88262460 41.72988281
13.88916576 41.73265729
13.89170811 41.73514971
13.89540595 41.73405947
13.89763933 41.73213545
13.89774034 41.73042512
13.89960907 41.72665116
13.90069960 41.72542766
13.90129314 41.72307354
13.90384897 41.71978344
13.90445337 41.71819499
13.91045988 41.71913477
13.91669103 41.71892349
13.91838028 41.71855210
13.91970005 41.71724952
13.92224679 41.71231966
13.92392065 41.70641784
13.92492911 41.70502220
13.92720095 41.70353929
13.92856963 41.70003036
13.93048102 41.69782347
13.93153596 41.69437464
13.93246654 41.69332948
13.93582765 41.69131609
13.93735706 41.68969999
13.94101383 41.68797740
13.94203894 41.68701410
13.94266818 41.68454299
13.94644069 41.68310951
13.95076420 41.68026685
13.95510775 41.67982906
13.95955009 41.67854535
13.95972350 41.67600696
13.96076447 41.67484548
13.96249708 41.67460894
13.96449082 41.67536549
13.96735935 41.67403125
13.96844822 41.67129391
13.97103850 41.67013723
13.97350572 41.66752926
13.97496229 41.66503833
13.97569983 41.66475668
13.97900533 41.66228216
13.98048243 41.66232229
13.98142422 41.66284404
13.98294064 41.66260528
13.98242757 41.65931319
13.98758326 41.65604416
13.98829272 41.65383019
13.98735172 41.65012453
13.98739978 41.64791825
13.98873266 41.64629071
13.98880894 41.64450800
13.99257271 41.64182994
13.99388939 41.63903129
13.99611723 41.62932320
13.99666542 41.62413994
13.99796482 41.62305242
13.99945765 41.62136310
14.00074886 41.61856414
14.00195237 41.61760183
14.00316897 41.61729714
14.00391431 41.61646595
14.00521822 41.61282038
14.00874345 41.60987851
14.01181443 41.60834673
14.01098821 41.60753800
14.00862760 41.59946535
14.00962368 41.59707806
14.00917244 41.59520070
14.01186197 41.58954939
14.00843026 41.58800665
14.00459325 41.58789242
14.00287780 41.58403153
13.99770009 41.57904162
13.99911731 41.57424417
14.00352731 41.57219283
14.00422086 41.57155033
14.00165835 41.56969066
14.00449136 41.56638259
14.01071528 41.56566170
14.01215249 41.56424193
14.01592950 41.56429233
14.01796900 41.56345409
14.02090243 41.56138946
14.02379850 41.56097273
14.02356079 41.56003397
14.02508883 41.55812842
14.02600593 41.55532597
14.02340270 41.55221443
14.02312196 41.54778954
14.02069757 41.54236462
14.01768207 41.54198762
14.01415617 41.54206553
14.01062025 41.54044090
14.00817859 41.53782580
14.00708686 41.54023030
14.00656049 41.54018071
14.00587781 41.53935516
14.00533929 41.53848582
14.00631982 41.53789082
14.00719069 41.53581768
14.00847992 41.53460383
14.01106209 41.53347315
14.01258441 41.53190097
14.01496070 41.53092156
14.01739518 41.52928507
14.02215211 41.52701077
14.02419414 41.52666783
14.02605391 41.52576487
14.02751398 41.52433607
14.02749451 41.52321001
14.02649610 41.52265212
14.02485338 41.52270125
14.02121517 41.52155345
14.01928117 41.52187024
14.01651276 41.52025233
14.01525737 41.51698999
14.01307488 41.51540402
14.01091471 41.51481801
14.00894468 41.51512531
14.00798256 41.51461261
14.00687528 41.51490029
14.00336526 41.51401424
13.99797598 41.51386833
13.99471799 41.51292116
13.99324468 41.51133201
13.99005123 41.50634104
13.98612148 41.50473020
13.98101519 41.50184780
13.97815473 41.50084064
13.97747316 41.49697049
13.97699826 41.49669605
13.97564006 41.49699921
13.97290699 41.49403848
13.97309830 41.49254499
13.97528553 41.49210513
13.97734850 41.49344756
13.97760875 41.49139623
13.97941291 41.49093487
13.98150069 41.48852142
13.98370477 41.48691962
13.98387029 41.48475935
13.98436288 41.48466462
13.98575281 41.48537945
13.98663843 41.48468469
13.99013248 41.48412095
13.99152049 41.48346659
13.99277567 41.48208147
13.99207862 41.48143585
13.98925724 41.48032121
13.98726663 41.47660172
13.98504324 41.47402407
13.98051600 41.47176824
13.98159858 41.46995837
13.97790736 41.46248563
13.97599919 41.46349549
13.96820289 41.46360596
13.96424295 41.46411080
13.96124047 41.46393961
13.95934085 41.45999527
13.95745573 41.45798760
13.94452575 41.45052875
13.94193307 41.44797389
13.93942640 41.44683391
13.93725827 41.44471520
13.93181580 41.44151224
13.93123969 41.44014679
13.92751890 41.43785133
13.92561595 41.43711299
13.92224642 41.43750481
13.91870695 41.43508467
13.91487199 41.43326511
13.91359192 41.43320799
13.91195623 41.43370595
13.91128992 41.43344744
13.91089147 41.43302933
13.91123572 41.43026736
13.91086695 41.42867858
13.90812413 41.42858503
13.90616413 41.42755309
13.90397763 41.42564975
13.90257805 41.42272705
13.90177974 41.42252127
13.90066029 41.42361848
13.90050426 41.42435558
13.90102033 41.42495500
13.90067041 41.42583437
13.89915935 41.42677469
13.89733318 41.42650950
13.89170374 41.42463143
13.89103865 41.42657509
13.88919641 41.42569712
13.88778619 41.42558442
13.88733545 41.42675101
13.88624808 41.42735298
13.88304557 41.42643922
13.88035019 41.42511596
13.87515805 41.42640740
13.87297529 41.42460259
13.87356573 41.42300508
13.87308202 41.42260402
13.86180442 41.41808843
13.86123765 41.41763245
13.86120873 41.41656931
13.86181088 41.41630505
13.86186695 41.41517068
13.86283050 41.41414437
13.86190147 41.41248685
13.86338819 41.41164586
13.86301114 41.40993975
13.86301921 41.40949847
13.87131241 41.40381546
13.87479321 41.40317401
13.87775089 41.40164463
13.87833431 41.40247899
13.87964004 41.40309521
13.88044974 41.40468838
13.88308920 41.40427267
13.88437815 41.40303316
13.88703787 41.40210415
13.88737181 41.40144083
13.88842705 41.40131592
13.88860362 41.40080421
13.88796659 41.39955505
13.88690978 41.39909446
13.88542618 41.39980969
13.88422005 41.40108605
13.88259298 41.40111529
13.88149176 41.39973548
13.88267310 41.39717987
13.88065280 41.39706115
13.87794000 41.39758417
13.87558507 41.39610199
13.87547712 41.39542539
13.87633872 41.39403767
13.87818664 41.39300185
13.87923835 41.39166100
13.88058317 41.38854854
13.88131387 41.38780804
13.88417515 41.38692608
13.88582684 41.38545588
13.88632403 41.38444286
13.88528539 41.38356810
13.88216637 41.38272717
13.87983032 41.38086696
13.87688836 41.37947817
13.87362166 41.37471737
13.87251201 41.37180613
13.87214189 41.36623595
13.87075790 41.36468212
13.86900435 41.36378217
13.86880742 41.36272638
13.86976231 41.36210524
13.87244165 41.36133888
13.87727373 41.36124201
13.87767856 41.36064246
13.87750802 41.36010937
13.87409735 41.35824755
13.87151134 41.35777184
13.87081705 41.35708948
13.87129737 41.35562599
13.87271857 41.35499139
13.87254757 41.35243161
13.87483181 41.35031021
13.87327248 41.34852050
13.87314972 41.34732131
13.87418504 41.34617850
13.87725006 41.34453307
13.87795051 41.34130624
13.87737906 41.33906683
13.87370028 41.33832830
13.87319962 41.33749472
13.87368596 41.33562594
13.87550758 41.33402692
13.87852557 41.32877351
13.88195967 41.32564532
13.88507857 41.32348677
13.88780981 41.31958595
13.89272994 41.31478738
13.89481416 41.31163679
13.89473716 41.31053714
13.89406905 41.30907151
13.88921646 41.30286367
13.88996516 41.29890761
13.88973925 41.29748225
13.88782067 41.29575230
13.88668654 41.29361557
13.88403170 41.29171630
13.88233708 41.29094323
13.87733647 41.29076846
13.87454161 41.29147978
13.87043495 41.29343922
13.86881382 41.29327918
13.86651575 41.29216666
13.86527953 41.29111862
13.86436619 41.29009177
13.86363388 41.28758046
13.86275980 41.28700436
13.86134308 41.28677417
13.86003453 41.28714854
13.85466193 41.29183314
13.85340196 41.29157740
13.85105904 41.28957239
13.84973427 41.28684791
13.84877635 41.28629338
13.84435050 41.28738847
13.84326332 41.28673802
13.84040695 41.28349361
13.83569787 41.28039254
13.83401336 41.28042053
13.83342154 41.28146840
13.83245638 41.28204411
13.82897861 41.28154039
13.82809648 41.28074776
13.82724015 41.27857724
13.82757069 41.27745467
13.83016379 41.27602184
13.83169418 41.27387559
13.83145233 41.27272918
13.83059952 41.27165764
13.82871180 41.26972886
13.82685951 41.26855703
13.82640695 41.26778678
13.82666594 41.26596991
13.82792694 41.26555039
13.83074095 41.26640770
13.83401513 41.26688228
13.83493050 41.26645018
13.83715559 41.26419378
13.83980782 41.26338284
13.84012157 41.26253930
13.83829277 41.25930517
13.83720777 41.25921315
13.83555677 41.26017828
13.83310511 41.26305388
13.83191997 41.26324002
13.83107358 41.26248381
13.83141628 41.26136135
13.83100868 41.25878106
13.83316053 41.25587545
13.83423496 41.25320209
13.83352463 41.25220407
13.83128559 41.25126259
13.83138084 41.25060601
13.83011705 41.24994463
13.82739700 41.25048443
13.82557509 41.25224935
13.82438804 41.25255250
13.82010515 41.24779775
13.81837616 41.24504172
13.81684899 41.24367491
13.81524787 41.24386562
13.81489941 41.24725787
13.81412710 41.24836685
13.81311437 41.24895091
13.81233243 41.24859155
13.80974766 41.24570046
13.80857844 41.24500380
13.80730639 41.24477445
13.80603878 41.24557198
13.80395903 41.24834273
13.80198205 41.24874553
13.80133663 41.24822538
13.80195064 41.24656538
13.80143982 41.24580343
13.79831487 41.24505025
13.79141878 41.24490600
13.78880603 41.24294193
13.78763012 41.24137125
13.78638113 41.24113290
13.78052106 41.24249417
13.77637414 41.24408953
13.77374747 41.24265641
13.77197069 41.24210603
13.77125746 41.24135980
13.77003971 41.23502352
13.76211198 41.22259824
13.75665567 41.22534079
13.74878748 41.23128158
13.73177719 41.24214767
13.71733457 41.24963502
13.70790243 41.25351985
13.70525287 41.25403954
13.70110601 41.25369557
13.69944792 41.25244283
13.69867444 41.24993902
13.69878011 41.24880527
13.69815555 41.24838387
13.69761064 41.24821557
13.69625203 41.24929910
13.69553271 41.25064208
13.69470954 41.25062374
13.68901634 41.24648767
13.68284512 41.24414734
13.68046826 41.24424623
13.68018407 41.24474739
13.68053729 41.24561616
13.68004100 41.24590771
13.67890278 41.24612885
13.67697894 41.24565638
13.67473192 41.24641419
13.67449906 41.24678982
13.67506530 41.24763403
13.67471381 41.24788220
13.67191858 41.24745365
13.66994398 41.24771910
13.66708925 41.24957764
13.66602955 41.25121373
13.66566926 41.25308311
13.65643345 41.25646156
13.64569281 41.25927213
13.64050603 41.26014776
13.63472842 41.26070990
13.62889267 41.26065855
13.62475369 41.26104153
13.61767607 41.26042532
13.61644900 41.25976205
13.61455609 41.25954112
13.61396784 41.25857024
13.61266793 41.25793307
13.61300186 41.25755878
13.61265355 41.25737894
13.61214362 41.25789072
13.61163467 41.25770443
13.61065091 41.25674228
13.60958099 41.25660776
13.60901213 41.25583526
13.60697974 41.25486491
13.60751121 41.25402464
13.61034067 41.25253207
13.61268943 41.25291620
13.61022292 41.25235050
13.60813515 41.25351876
13.60712558 41.25307420
13.60618472 41.25350417
13.60425008 41.25358882
13.60297242 41.25193397
13.59936116 41.25057500
13.59910760 41.25001346
13.59840680 41.25053637
13.59701922 41.25014115
13.59579617 41.25094591
13.59359003 41.25068479
13.58581322 41.24793233
13.57940615 41.24442161
13.57457803 41.24044371
13.57453490 41.23906504
13.57376276 41.23893838
13.57294448 41.23978394
13.57224303 41.23855023
13.57024445 41.23664288
13.56834041 41.23314235
13.56928128 41.23046983
13.56759310 41.22909772
13.56706953 41.22684836
13.56791501 41.22526456
13.57123460 41.22350432
13.57307550 41.22170764
13.57338875 41.22099994
13.57282509 41.22058761
13.57217775 41.22071470
13.57079025 41.22252600
13.57043992 41.22164792
13.57149068 41.21668885
13.57353414 41.21432721
13.57466081 41.21406193
13.57810158 41.21434768
13.57834497 41.21469297
13.57756130 41.21616051
13.57797515 41.21636379
13.57894909 41.21545706
13.57941194 41.21389547
13.58155410 41.21302113
13.58329469 41.21085375
13.58508954 41.21002011
13.58683624 41.21034782
13.58832458 41.20991570
13.58864890 41.21091951
13.58924610 41.21089980
13.59090298 41.20983920
13.59103229 41.20935437
13.58951836 41.20707496
13.58622798 41.20646713
13.58551748 41.20678268
13.58399160 41.20674591
13.58302134 41.20750861
13.58232838 41.20756314
13.57933986 41.20618419
13.57822615 41.20475626
13.57604020 41.20381049
13.57385780 41.20436896
13.57169966 41.20432420
13.57110640 41.20473118
13.56941524 41.20408866
13.56908722 41.20436382
13.56937215 41.20550230
13.57001848 41.20651016
13.57076204 41.20687068
13.57063946 41.20755373
13.56821580 41.20877565
13.55809716 41.21113544
13.55578278 41.21115147
13.55320378 41.20746206
13.54942688 41.20673898
13.54863472 41.20750364
13.54771398 41.20760912
13.54822517 41.20883158
13.54694364 41.20846412
13.54587041 41.20900903
13.54501800 41.21090784
13.54450330 41.21095538
13.54403020 41.21021980
13.54291650 41.20988144
13.54207755 41.21058241
13.54203648 41.21137454
13.54326385 41.21196656
13.54325449 41.21237177
13.54167260 41.21381095
13.54037251 41.21432592
13.53957583 41.21367629
13.53888485 41.21418995
13.53694969 41.21377806
13.53417286 41.21418410
13.53375249 41.21486331
13.53430242 41.21586113
13.53411998 41.21655238
13.53467957 41.21711797
13.53371894 41.21793442
13.52534112 41.22234014
13.51945848 41.22450749
13.51842806 41.22471942
13.51711330 41.22431517
13.51607008 41.22507637
13.51276390 41.22512378
13.51126237 41.22399646
13.51144295 41.22287287
13.51199084 41.22240256
13.51090676 41.22177604
13.50636953 41.22194695
13.50493890 41.22296874
13.50405751 41.22239883
13.50383692 41.22157629
13.50343200 41.22156202
13.50339299 41.22221004
13.50288530 41.22250069
13.50444451 41.22527722
13.49957200 41.22915906
13.49590369 41.23146212
13.48764163 41.23637099
13.48436136 41.23788613
13.48017490 41.23831733
13.47907076 41.23805955
13.47796976 41.23922497
13.47521199 41.23979196
13.47406507 41.23884000
13.47214102 41.23841816
13.47037012 41.23710659
13.47041830 41.23863848
13.46889477 41.23895150
13.46786648 41.24060418
13.46624032 41.24072664
13.46513851 41.24036968
13.46345985 41.24074361
13.46175018 41.23984706
13.46196185 41.24048941
13.46093730 41.24246634
13.46097756 41.24327754
13.46050116 41.24325316
13.46077341 41.24436470
13.45625415 41.24724959
13.45254052 41.24901021
13.45212875 41.24912176
13.45212409 41.24870286
13.44375358 41.25350350
13.43800471 41.25582158
13.43672711 41.25584027
13.43482533 41.25502178
13.43428115 41.25430280
13.43345779 41.25430961
13.43368630 41.25573588
13.43332425 41.25637047
13.42421628 41.26189373
13.40748678 41.26946381
13.40373707 41.27050174
13.40320724 41.26969275
13.40348287 41.27066035
13.39608037 41.27359289
13.39018017 41.27562722
13.38491712 41.27794041
13.36778942 41.28347244
13.36403111 41.28427476
13.35999340 41.28578456
13.34292093 41.28989951
13.34232207 41.28995393
13.34222170 41.28967326
13.32899904 41.29258952
13.30613690 41.29597527
13.29163730 41.29735521
13.28127377 41.29725494
13.27254514 41.29625956
13.26639525 41.29488807
13.26556910 41.29361461
13.26451195 41.28977964
13.26268428 41.28846403
13.25868340 41.28756590
13.25633542 41.28560281
13.25677476 41.28479882
13.25652521 41.28340794
13.25765121 41.28283952
13.25633069 41.28308974
13.25391825 41.28265685
13.25102825 41.28354971
13.24044492 41.28460436
13.21983749 41.28448560
13.21212117 41.28369945
13.20758643 41.28361090
13.20137080 41.28209080
13.20119534 41.28108826
13.20052690 41.28150115
13.19870167 41.28145458
13.19231217 41.28065184
13.17432479 41.27611653
13.16671101 41.27342846
13.15177709 41.26701972
13.14998752 41.26613529
13.14960381 41.26536352
13.14349432 41.26273413
13.13528858 41.25829606
13.12585141 41.25313481
13.11909750 41.25016037
13.10747595 41.24262005
13.10273416 41.23866891
13.09981718 41.23309041
13.09626529 41.23048270
13.09488396 41.22751451
13.09390080 41.22646241
13.09123468 41.22582376
13.08916205 41.22408702
13.08848433 41.22441804
13.08617806 41.22370418
13.07797873 41.22383778
13.07376312 41.22276752
13.06828560 41.22201821
13.06600685 41.22243030
13.06530995 41.22300406
13.06402576 41.22325268
13.06306366 41.22433537
13.06157865 41.22493186
13.06056106 41.22463550
13.05800733 41.22508783
13.05695511 41.22434951
13.05162618 41.22623199
13.04974151 41.22620908
13.04944446 41.22658235
13.04743139 41.22647616
13.04582158 41.22686317
13.04386371 41.22808190
13.04386845 41.22913581
13.04131819 41.23023635
13.04062969 41.23091818
13.04051629 41.23233036
13.03939567 41.23269859
13.03916617 41.23396468
13.03621110 41.23943565
13.03438354 41.24069247
13.03326035 41.24470845
13.03414307 41.24672310
13.03535357 41.24734725
13.03590703 41.24839251
13.03543932 41.25044715
13.03064375 41.26031800
13.02949281 41.26364892
13.02630246 41.26891742
13.02407406 41.27390511
13.01345507 41.29219568
13.00903340 41.29857727
13.00777498 41.30108646
13.00519558 41.30457251
13.00435214 41.30483710
13.00429051 41.30568268
13.00179745 41.30945837
12.99708210 41.31484361
12.99150642 41.32249240
12.98301483 41.33208034
12.98140689 41.33461911
12.96756288 41.34788573
12.95671269 41.35696161
12.93398571 41.37290311
12.91630671 41.38360855
12.91570800 41.38324644
12.91596354 41.38384552
12.90590754 41.38940020
12.90097230 41.39149889
12.90040138 41.39215497
12.89473202 41.39512265
12.86962546 41.40648621
12.85464973 41.41185505
12.84385996 41.41435527
12.83390743 41.41572641
12.82713358 41.41579226
12.81905705 41.41507646
12.81466388 41.41371411
12.81268659 41.41415387
12.81204106 41.41378133
12.80527736 41.41389562
12.80310600 41.41407933
12.79434818 41.41689290
12.78712251 41.41796098
12.77736922 41.41762878
12.77326655 41.41618940
12.76711003 41.41149465
12.76592177 41.40985037
12.76635633 41.40903921
12.76495145 41.40884079
12.76439228 41.41050516
12.76106606 41.41259303
12.75999331 41.41282433
12.75672661 41.41528251
12.74941842 41.41763456
12.74889045 41.41907429
12.74526524 41.42079559
12.74453706 41.42177204
12.74386469 41.42184891
12.73352049 41.42923807
12.72239031 41.43577310
12.72100162 41.43611485
12.71685890 41.43822127
12.71552733 41.43932064
12.70635858 41.44444298
12.70298020 41.44587063
12.70115469 41.44705904
12.69582505 41.44916797
12.67486095 41.45529368
12.66677340 41.45715630
12.66188904 41.45713814
12.66004186 41.45623593
12.65624465 41.45629368
12.65305442 41.45578729
12.65226871 41.45599641
12.64866289 41.45473386
12.64758433 41.45477484
12.64398482 41.45333215
12.64036860 41.45301481
12.63678553 41.45180640
12.63418274 41.45061805
12.63170189 41.44841442
12.63137477 41.44752505
12.62976326 41.44674430
12.63101755 41.44419429
12.63190981 41.44400552
12.63311999 41.44430063
12.63544099 41.44367290
12.63529428 41.44341770
12.63326563 41.44391635
12.63127092 41.44346097
12.62905386 41.44454109
12.62378233 41.44499067
12.62241768 41.44466524
12.61946584 41.44683777
12.61772260 41.44735106
12.61852742 41.44957432
12.61790917 41.45077739
12.61792842 41.45187658
12.61354007 41.45890970
12.60957837 41.46280826
12.60872335 41.46522222
12.60529547 41.47083394
12.60205241 41.47403568
12.59466152 41.48282467
12.58855876 41.48687579
12.58881762 41.48764676
12.58830900 41.48941036
12.57876212 41.50452954
12.56853356 41.51595887
12.56662308 41.51866537
12.55658896 41.52927812
12.55278971 41.53404269
12.54052040 41.54688496
12.52572066 41.56149068
12.51071486 41.57442380
12.50803920 41.57723879
12.50600918 41.57857270
12.50436258 41.58051832
12.50066147 41.58349999
12.49888572 41.58568589
12.49416980 41.58943779
12.49209207 41.59198625
12.48763764 41.59578862
12.48510645 41.59857019
12.47553747 41.60703329
12.47373976 41.60913724
12.45628288 41.62491808
12.45238413 41.62729937
12.45033356 41.62971254
12.44853605 41.63044266
12.44627719 41.63284213
12.43410279 41.64311698
12.42725229 41.64749382
12.41619578 41.65565281
12.41178262 41.65869656
12.40873107 41.66138361
12.40307004 41.66469607
12.39497999 41.67136645
12.37834523 41.68232651
12.36011083 41.69315729
12.33843792 41.70432875
12.33237403 41.70629543
12.32897300 41.70813464
12.32711281 41.70853265
12.31477958 41.71398168
12.29732236 41.72065075
12.28843210 41.72473696
12.26382938 41.73292502
12.26189061 41.73404956
12.25784920 41.73542106
12.25114587 41.73724205
12.24321173 41.73868187
12.23483013 41.73893061
12.23430982 41.73958451
12.23466787 41.74025056
12.23670935 41.74043479
12.24494964 41.74302837
12.25683922 41.74525831
12.25456317 41.74600542
12.24609924 41.74507325
12.23199619 41.74093366
12.22658557 41.74165864
12.22506792 41.74327903
12.22237792 41.74428567
12.22257495 41.74486681
12.22445554 41.74473217
12.22637720 41.74559814
12.22826919 41.74850767
12.22465031 41.76085722
12.22079321 41.77043610
12.22070404 41.77106434
12.22217397 41.77343241
12.22273632 41.77597663
12.22282047 41.78332735
12.22164123 41.78523505
12.22093632 41.78819889
12.21971401 41.79067288
12.21917619 41.79358672
12.21380891 41.80979292
12.21122752 41.81538581
12.21008053 41.81674481
12.20919971 41.82004650
12.20432061 41.83027528
12.20758435 41.82643726
12.20922399 41.82506325
12.21094956 41.82442076
12.21272693 41.82309508
12.21374240 41.82152573
12.21376362 41.81954499
12.21518682 41.81794950
12.21643578 41.81742144
12.21765201 41.81811735
12.21685570 41.81927779
12.21592450 41.81943532
12.21594090 41.82095768
12.21431385 41.82354786
12.20765893 41.82744771
12.20485862 41.83064861
12.20365954 41.83146593
12.19499358 41.84785187
12.19435046 41.84988043
12.18793865 41.86040417
12.17885768 41.87323941
12.17599818 41.87794204
12.16724700 41.88954165
12.15878414 41.89819387
12.15552851 41.90283212
12.14748035 41.91095342
12.14002732 41.91754003
12.12463318 41.92640389
12.12052855 41.92878646
12.11776222 41.92992373
12.10883661 41.93286906
12.10653140 41.93308561
12.10204117 41.93276965
12.09554466 41.93459107
12.09327099 41.93596084
12.09148009 41.93608205
12.08770597 41.93983163
12.08366302 41.94300239
12.07710594 41.94719864
12.07428252 41.94858104
12.06349627 41.95229933
12.06100947 41.95251932
12.04880378 41.95586664
12.04770448 41.95659930
12.04310849 41.96189766
12.03950990 41.96787445
12.03458763 41.97446530
12.02745465 41.98129132
12.02400271 41.98382236
12.01978278 41.98517616
12.01874159 41.98638283
12.01477678 41.98856255
12.00765895 41.99119123
11.99812230 41.99322486
11.99682579 41.99312338
11.98473332 41.99471972
11.97704830 41.99688130
11.97341086 41.99963554
11.97315755 42.00145242
11.96983110 42.00775831
11.96735760 42.01114644
11.96334302 42.01490797
11.96116917 42.01592651
11.95872603 42.01610939
11.95848896 42.01567985
11.95688394 42.01596596
11.95607174 42.01746629
11.95379746 42.01892779
11.94562869 42.02218202
11.94466199 42.02295323
11.94415106 42.02287658
11.94381412 42.02342592
11.94301616 42.02340465
11.94254290 42.02414397
11.94094522 42.02485330
11.93986535 42.02630134
11.93697693 42.02807930
11.93420326 42.02922988
11.93221557 42.03090122
11.92716419 42.03213926
11.92673784 42.03311390
11.92113666 42.03582279
11.92003586 42.03734663
11.91731493 42.03807497
11.91573719 42.03948238
11.91394047 42.03955560
11.91291989 42.04022153
11.90845594 42.04033540
11.90756423 42.04117585
11.90600936 42.04125097
11.90362408 42.04085339
11.90242366 42.04022663
11.90175938 42.03919110
11.90106230 42.03900116
11.89834509 42.03899974
11.89435065 42.04014334
11.89085446 42.03845017
11.88953203 42.03911221
11.88741720 42.03935649
11.88451543 42.03797194
11.88142708 42.03777992
11.87993475 42.03816707
11.87820737 42.03790393
11.87720392 42.03735431
11.87705875 42.03762051
11.87266474 42.03686589
11.87174903 42.03584134
11.87190119 42.03441818
11.87142904 42.03385148
11.86932940 42.03417689
11.86525657 42.03303453
11.86251173 42.03430122
11.85988336 42.03440487
11.85408022 42.03266541
11.85310543 42.03220641
11.85241053 42.03125081
11.85022143 42.03171749
11.84597781 42.03054724
11.84118749 42.03011821
11.83950701 42.02897778
11.83830487 42.02964704
11.83599199 42.02924555
11.83272303 42.03175778
11.83237597 42.03318901
11.83285535 42.03634503
11.83234509 42.03761867
11.82875885 42.04036515
11.82645237 42.04470932
11.82387885 42.04578171
11.82046423 42.04804190
11.81980841 42.05584912
11.81861631 42.05729288
11.81833829 42.05783897
11.81558609 42.05897825
11.81551564 42.05957513
11.81601241 42.05987709
11.81565232 42.06074958
11.81593347 42.06164439
11.81360080 42.06544726
11.81365828 42.06701123
11.81142979 42.06798485
11.81094777 42.06936273
11.80999844 42.06977756
11.80961826 42.07046037
11.80784802 42.07114951
11.80550251 42.07386674
11.80549933 42.07434391
11.80741937 42.07566261
11.80734516 42.07697978
11.80813600 42.07766367
11.80723295 42.08018695
11.80424308 42.08117974
11.80048563 42.08586561
11.79918440 42.08678832
11.79747128 42.08714570
11.79676928 42.08765738
11.79636199 42.08747040
11.79574663 42.08777288
11.79599958 42.08802759
11.79321145 42.08921934
11.78710701 42.08892685
11.78340540 42.09218641
11.78061139 42.09324711
11.77942852 42.09450610
11.78241984 42.09287015
11.78366759 42.09291867
11.78375684 42.09219627
11.78754559 42.08955598
11.78899389 42.08979917
11.78684997 42.09133749
11.78756083 42.09183467
11.78955334 42.09041818
11.79079258 42.09166405
11.78956666 42.09401605
11.78603877 42.09336789
11.78648962 42.09386680
11.78630820 42.09414087
11.78574316 42.09393142
11.78611377 42.09439206
11.78540453 42.09530869
11.78378062 42.09412401
11.78324517 42.09457724
11.78470873 42.09571241
11.78488790 42.09649187
11.78422304 42.09647772
11.78413340 42.09610600
11.78347416 42.09677639
11.78188498 42.09554763
11.78435579 42.09813386
11.78336452 42.09977647
11.78293827 42.09970598
11.78323696 42.10047528
11.78276617 42.10213250
11.78339751 42.10301920
11.78183490 42.10378579
11.78091418 42.10624081
11.77816687 42.10728024
11.77713638 42.10803921
11.77665470 42.10918731
11.77707537 42.11050936
11.77493890 42.11280407
11.77044862 42.11297481
11.76843500 42.11476858
11.76799995 42.11644474
11.76843386 42.11640745
11.76881944 42.11749891
11.76906308 42.11918520
11.76863686 42.11967296
11.76575554 42.12182943
11.76396796 42.12173395
11.76360292 42.12265566
11.76181561 42.12328505
11.76098634 42.12256824
11.75913654 42.12313279
11.75803449 42.12394359
11.75861516 42.12421665
11.75856510 42.12474203
11.75771889 42.12502426
11.75774078 42.12439904
11.75716618 42.12454037
11.75636398 42.12556674
11.75651942 42.12607992
11.75579991 42.12623065
11.75524062 42.12725939
11.75458744 42.12754707
11.75382735 42.12926800
11.75414900 42.13026765
11.75355534 42.13052549
11.75273000 42.13016442
11.75197722 42.13233579
11.75058782 42.13237746
11.75039362 42.13319140
11.74937048 42.13331547
11.74921832 42.13454483
11.74819960 42.13504722
11.74752713 42.13712629
11.74717004 42.13753938
11.74666943 42.13715597
11.74669755 42.13779162
11.74505857 42.13934346
11.74517619 42.14009871
11.74460232 42.14024450
11.74457081 42.14077039
11.74365052 42.14145564
11.74306845 42.14310951
11.74362890 42.14347662
11.74385934 42.14489244
11.74348064 42.14536794
11.74396372 42.14562930
11.74362198 42.14639402
11.74412696 42.14716478
11.74404958 42.14817563
11.74279674 42.15026519
11.74073807 42.15217873
11.73854004 42.15311124
11.73739030 42.15451030
11.73559147 42.15489581
11.73379199 42.15804128
11.73432460 42.15890291
11.73395154 42.16117952
11.73551827 42.16272798
11.73540478 42.16458425
11.73592862 42.16494136
11.73604979 42.16637208
11.73743578 42.16623145
11.73818816 42.16655453
11.73855846 42.16735300
11.73823519 42.16792011
11.73920156 42.16788908
11.73995819 42.16886962
11.73955868 42.17055568
11.73722063 42.17330316
11.73336016 42.17640792
11.72981264 42.18003925
11.72184546 42.18507496
11.72033795 42.18661217
11.71973412 42.19173215
11.71587083 42.19765923
11.71245111 42.20090646
11.71310655 42.20407695
11.71142567 42.20696429
11.70838406 42.21032130
11.70814950 42.21191741
11.70691466 42.21420067
11.70849389 42.21488989
11.70781384 42.21768885
11.70269682 42.22521830
11.70032608 42.22785599
11.69708244 42.23365165
11.69570388 42.23542186
11.69133878 42.23902386
11.68359892 42.24365364
11.68086396 42.24574008
11.67833016 42.24973679
11.67143720 42.25669099
11.66749542 42.26411785
11.66081303 42.27211304
11.65888077 42.27344793
11.64674080 42.28494337
11.64296423 42.28741710
11.63652040 42.29281096
11.63247442 42.29553306
11.62475879 42.30043411
11.61948352 42.30306548
11.60725238 42.30848030
11.60176390 42.30980336
11.60010999 42.31176681
11.58422269 42.32221217
11.58102707 42.32478668
11.56902317 42.33150980
11.56660211 42.33344526
11.54997155 42.34166188
11.54017570 42.34581009
11.53825333 42.34629226
11.52544069 42.35149604
11.52199845 42.35250810
11.51349984 42.35610360
11.50342234 42.35936661
11.50181854 42.36024509
11.48366673 42.36655953
11.48080460 42.36784478
11.47575725 42.36913926
11.46565260 42.37274925
11.46061733 42.37405243
11.45958800 42.37474997
11.45034765 42.37752089
11.45011423 42.37777028
11.45208430 42.38252713
11.45501711 42.38814218
11.45021485 42.39116294
11.44937044 42.39256846
11.44988538 42.39425024
11.45527809 42.39872592
11.45664800 42.40082583
11.45667247 42.40170901
11.45801976 42.40306984
11.45956385 42.40400453
11.46133835 42.40402338
11.46489533 42.40647890
11.46843410 42.40811435
11.47192475 42.41098632
11.47386721 42.41155491
11.47589570 42.41285547
11.47789593 42.41610908
11.48209125 42.41988484
11.48090101 42.42801074
11.48186685 42.42942260
11.48119060 42.43054087
11.48158380 42.43151643
11.48103200 42.43360649
11.48190970 42.43449789
11.48888918 42.43937642
11.49253843 42.43775044
11.49449765 42.43730170
11.49557542 42.43744725
11.49856492 42.43913700
11.49952312 42.43912128
11.50645115 42.43604179
11.51050282 42.43521539
11.51197124 42.43454429
11.51522826 42.43431031
11.51657570 42.43355893
11.52166903 42.43415950
11.52259610 42.43503408
11.52355848 42.43459508
11.52494458 42.43486677
11.52626104 42.43605478
11.52915243 42.43735807
11.53487782 42.43863905
11.53887958 42.44053847
11.54427790 42.44215576
11.54734090 42.44128920
11.54916739 42.43986304
11.55287109 42.43945686
11.55452089 42.43877266
11.55788385 42.43931053
11.56089105 42.43895068
11.56212175 42.43921725
11.56330626 42.43887013
11.56737773 42.43938846
11.57532615 42.43738439
11.57698512 42.43775366
11.57879534 42.43719096
11.58582931 42.43677062
11.59045928 42.43732730
11.59510454 42.43647504
11.60114066 42.43602858
11.60435649 42.43615552
11.60784262 42.43699272
11.61132169 42.43705072
11.61493735 42.43600510
11.61771004 42.43603752
11.61911934 42.43948284
11.61917021 42.44080350
11.61809521 42.44395484
11.61648890 42.44682483
11.61564287 42.44978031
11.61598510 42.45111858
11.61531988 42.45286830
11.61587774 42.45454161
11.61805653 42.45623580
11.61899223 42.45827594
11.61856947 42.45962313
11.61482043 42.46152484
11.61382353 42.46241381
11.61340624 42.46347750
11.61405396 42.46579280
11.61656090 42.46686641
11.61730487 42.46759975
11.61828213 42.47108183
11.62001974 42.47381197
11.61961963 42.47675812
11.61603932 42.48445470
11.61605234 42.48612991
11.61685123 42.48750869
11.61625936 42.48861675
11.61459363 42.48907625
11.61313849 42.49082059
11.61188264 42.49103555
11.60878065 42.49280762
11.60529738 42.49357781
11.60089767 42.49358682
11.59833955 42.49498755
11.59523665 42.49559315
11.59062692 42.49507776
11.58765707 42.49518287
11.58672426 42.49718555
11.58477482 42.49801434
11.58396243 42.49905712
11.58451350 42.50023513
11.58651365 42.50219472
11.58713305 42.50405009
11.58615820 42.50540770
11.58418769 42.50691118
11.57975204 42.50911537
11.57592998 42.50998258
11.57408391 42.51096285
11.57229274 42.51090022
11.57068088 42.50984795
11.56781612 42.50969456
11.56562688 42.51243376
11.56592674 42.51384293
11.56299145 42.51494791
11.56112068 42.51472964
11.56018790 42.51575063
11.56029693 42.51663633
11.56234316 42.51850318
11.56219379 42.51963774
11.56306765 42.52231127
11.56434325 42.52347061
11.56440919 42.52389129
11.56345462 42.52465952
11.56589838 42.52885686
11.56762002 42.53050227
11.56775179 42.53194692
11.56882557 42.53382951
11.56960237 42.53439756
11.57288563 42.53522526
11.57445847 42.53710023
11.57761836 42.53940533
11.57785971 42.54055160
11.57841310 42.54099134
11.58523133 42.54282926
11.58622913 42.54013520
11.58702450 42.53964117
11.58761029 42.53996929
11.58851846 42.54226096
11.58871245 42.54342830
11.58815994 42.54511366
11.58212316 42.54633823
11.58084604 42.54756069
11.58054806 42.54923560
11.58088953 42.54956096
11.58532489 42.54904055
11.58612019 42.54973960
11.58643867 42.55099620
11.58561403 42.55167845
11.58169928 42.55239450
11.58086534 42.55316197
11.58101129 42.55586763
11.58039277 42.55863600
11.58070751 42.56098653
11.57953394 42.56328809
11.57839868 42.56441121
11.57884667 42.56556365
11.57855703 42.56621681
11.57916619 42.56803138
11.58120971 42.56798889
11.58323697 42.56872476
11.58901510 42.57126976
11.59059902 42.57248752
11.59232769 42.57217883
11.59331621 42.57014176
11.59571082 42.56942063
11.59778500 42.56922118
11.60047802 42.57076441
11.60105843 42.56827394
11.60215650 42.56801841
11.60383670 42.56831140
11.60829339 42.56623299
11.60891982 42.56159180
11.61401336 42.55723592
11.61500638 42.55799914
11.61835105 42.56295587
11.62248457 42.56604937
11.62502177 42.56909565
11.62749476 42.56970881
11.63033440 42.56946379
11.63264147 42.56812251
11.63337936 42.56682958
11.63341690 42.56566912
11.63636973 42.56493654
11.63798136 42.56621299
11.63983272 42.56563255
11.64125885 42.56624619
11.64301170 42.56623458
11.64540972 42.56768256
11.64699603 42.56804420
11.64894676 42.57015883
11.65435756 42.57258173
11.65453066 42.57323510
11.65570382 42.57421035
11.65608362 42.57630596
11.65716726 42.57716602
11.66086067 42.57664803
11.66243476 42.57700909
11.66459455 42.57681543
11.66595748 42.57620683
11.66819450 42.57610989
11.67087314 42.57782213
11.67301578 42.57839769
11.67480602 42.57837318
11.67631499 42.57891225
11.68145907 42.58132612
11.68198471 42.58283609
11.68336448 42.58348838
11.68431120 42.58455582
11.68594331 42.58484171
11.68299667 42.59065873
11.68180429 42.59127248
11.68075292 42.59351109
11.67899039 42.59418482
11.67945614 42.59511678
11.68111838 42.59524153
11.68209370 42.59612072
11.68573520 42.59781551
11.68770206 42.59824163
11.68958781 42.59816112
11.69231480 42.59983375
11.69557996 42.60041881
11.69755462 42.60022818
11.69837522 42.60081914
11.70018614 42.60100643
11.70113359 42.60209176
11.70504000 42.60473453
11.70667472 42.60683908
11.70912412 42.60757136
11.71040241 42.61038597
11.71111176 42.61090610
11.71161634 42.61102865
11.71317804 42.61025411
11.71504171 42.61019057
11.72024866 42.61111428
11.72676812 42.61081019
11.72665091 42.60791192
11.72741079 42.60637589
11.73097750 42.60591055
11.73362086 42.60614360
11.73630381 42.60700803
11.73630015 42.60907894
11.73538218 42.61047995
11.73519918 42.61200548
11.73850123 42.61327921
11.74254722 42.61581663
11.74438993 42.61842631
11.74892497 42.62142763
11.75044337 42.62305103
11.75183090 42.62559815
11.75091784 42.62812497
11.75115486 42.63220169
11.75012018 42.63565251
11.74975510 42.63965359
11.75196945 42.63877100
11.75735141 42.63881107
11.76081861 42.63744605
11.76650175 42.63754824
11.76907652 42.63611723
11.77126258 42.63553061
11.78088681 42.63468518
11.78413754 42.63765349
11.78657415 42.63927069
11.79184729 42.64024254
11.79415289 42.64137417
11.79644382 42.64348683
11.79763103 42.64392976
11.80320823 42.64457643
11.80477661 42.64398992
11.80514069 42.64581898
11.80762607 42.64935954
11.80928257 42.65294897
11.80942110 42.65634300
11.80871270 42.65918214
11.80627252 42.66272483
11.80544063 42.66343097
11.80435115 42.66372471
11.80260336 42.66530118
11.80088991 42.66840933
11.79877593 42.66829168
11.79351777 42.66931504
11.79157375 42.66908046
11.78979963 42.67061097
11.78554069 42.67054544
11.78451175 42.67131342
11.78575058 42.67287447
11.78578325 42.67366777
11.78484684 42.67597810
11.78504749 42.67714080
11.78384415 42.68144709
11.78519385 42.68718477
11.78631094 42.68818412
11.78644596 42.68917839
11.78482777 42.69195580
11.78377291 42.69264200
11.78397989 42.69415155
11.78206582 42.69659644
11.78191457 42.69958163
11.78253848 42.70547901
11.77924874 42.70543148
11.77823972 42.70646108
11.77730780 42.70643934
11.77659103 42.70835958
11.77554194 42.70950508
11.77574286 42.71016356
11.77645321 42.71053024
11.77774900 42.70847774
11.78416137 42.70706888
11.78711672 42.70743554
11.78841939 42.70721548
11.78985735 42.70757549
11.79426775 42.70669066
11.79708084 42.70650831
11.80155672 42.70717828
11.80069187 42.70871635
11.80193545 42.71129034
11.80176599 42.71237513
11.80348973 42.71244581
11.80467538 42.71410421
11.80507234 42.71992760
11.80632740 42.72202913
11.80649215 42.72406421
11.80797910 42.72669895
11.80849051 42.73017988
11.80930782 42.73232320
11.80935333 42.73386871
11.81213874 42.73550410
11.81360030 42.73552680
11.81478889 42.73643332
11.81554482 42.74083497
11.81697586 42.74226145
11.81894563 42.74289702
11.81957719 42.74501708
11.81865812 42.74576590
11.81550736 42.74542613
11.81344061 42.74591785
11.81333422 42.74869271
11.81177231 42.75082824
11.81012483 42.75175028
11.80912717 42.75318116
11.80783838 42.75306867
11.80654126 42.75390589
11.80501846 42.75366978
11.80270121 42.75455950
11.79736505 42.75572037
11.79540244 42.75547182
11.79309653 42.75616357
11.78980849 42.75555811
11.78746283 42.75750472
11.78582861 42.75682402
11.78422667 42.75704013
11.78197532 42.75830045
11.77941905 42.75801242
11.77900139 42.76042281
11.77974370 42.76174932
11.78187367 42.76354258
11.78304219 42.76594357
11.78294480 42.76707537
11.77984925 42.76748802
11.77694269 42.76699197
11.77491578 42.76794332
11.76736263 42.77457338
11.76585685 42.77791191
11.76424842 42.77710107
11.76452696 42.77896832
11.76293625 42.77988678
11.76202476 42.77959535
11.76125873 42.78097833
11.75927394 42.78223224
11.75293455 42.78162477
11.74601669 42.78575473
11.74869085 42.78818988
11.74997411 42.79045489
11.75335498 42.80222936
11.75748671 42.80620486
11.75810619 42.80779816
11.75929593 42.80900692
11.76443862 42.81171870
11.76857180 42.81540571
11.76894642 42.81642026
11.76818202 42.81937456
11.76850873 42.81995555
11.77068382 42.82035914
11.77213477 42.82012096
11.77313369 42.82085598
11.77424918 42.82106302
11.77616795 42.82059037
11.77748089 42.81824576
11.78230947 42.81776040
11.78667241 42.81617674
11.78778459 42.81410099
11.79329828 42.81121677
11.79319989 42.80984536
11.79460349 42.80810637
11.79482585 42.80649184
11.79781501 42.80513037
11.79909729 42.80519327
11.80231714 42.80446844
11.80405215 42.80221184
11.80300739 42.80096707
11.80259090 42.79843875
11.80444264 42.79667163
11.80484995 42.79567003
11.80605173 42.79505528
11.80685444 42.79484808
11.80768061 42.79580758
11.80968923 42.79696664
11.81143803 42.79912690
11.81156669 42.80170120
11.81070398 42.80263160
11.81155342 42.80518547
11.81091099 42.80691439
11.81083822 42.80774976
11.81331529 42.81087123
11.81354931 42.81279115
11.81487940 42.81541241
11.81316434 42.81993879
11.81315001 42.82151864
11.81370387 42.82266410
11.81545364 42.82375731
11.82014880 42.82478385
11.82211199 42.82598645
11.82414937 42.82661931
11.82765640 42.82585672
11.83201753 42.82681047
11.83537662 42.82919053
11.84549305 42.83407113
11.84559383 42.83493382
11.84819079 42.83845853
11.85137373 42.83864523
11.85445935 42.83811334
11.85678709 42.83702028
11.85774140 42.83565985
11.85865773 42.83540588
11.86342931 42.83576643
11.86681948 42.83532359
11.86960289 42.83404015
11.87146650 42.83432074
11.87271133 42.83504811
11.87286352 42.83569157
11.87460415 42.83576616
11.88545488 42.83556238
11.89105703 42.83387790
11.89411722 42.83415463
11.89497279 42.83465958
11.89550042 42.83415166
11.89779499 42.83352058
11.90056126 42.83165964
11.90182864 42.83156341
11.90557684 42.83248876
11.90608694 42.83211537
11.90638078 42.83078619
11.90492680 42.82787899
11.90817401 42.81622070
11.91300145 42.81053429
11.91683136 42.80765715
11.91760344 42.80449042
11.91919820 42.80113425
11.92036148 42.79451587
11.92480403 42.79089407
11.92555983 42.78791144
11.92522828 42.78629075
11.92447289 42.78527547
11.92466152 42.78458720
11.92656218 42.78286442
11.92742558 42.78090665
11.92852060 42.77999510
11.93130812 42.77843111
11.93419159 42.77786460
11.93688225 42.77896767
11.93754692 42.77880088
11.94011767 42.77651052
11.94218164 42.77594440
11.94718111 42.77735203
11.94885921 42.77739679
11.94962628 42.77606209
11.95208779 42.77365148
11.95327349 42.77320133
11.95718368 42.77334591
11.95960259 42.77254579
11.96248346 42.76892151
11.96539208 42.76712578
11.97380180 42.76589881
11.97948143 42.76457667
11.97938087 42.76249400
11.97837347 42.75908624
11.97999516 42.75926863
11.98061728 42.75899240
11.98043854 42.75680862
11.98185133 42.75519808
11.98187106 42.75357331
11.98148046 42.75283815
11.97451421 42.74992582
11.97392066 42.74757798
11.97269269 42.74618133
11.97326014 42.74527339
11.97200647 42.74206616
11.97282804 42.74061117
11.96995135 42.73871613
11.96923995 42.73788689
11.96656124 42.73664083
11.96884828 42.73432427
11.96767323 42.73362681
11.96405192 42.73269787
11.96176532 42.73306940
11.96218701 42.73168040
11.95894954 42.72886156
11.95957046 42.72832429
11.96257737 42.72760725
11.96293541 42.72668030
11.96030706 42.72687614
11.95912043 42.72579559
11.95796843 42.72540479
11.95388646 42.72592651
11.94932888 42.72733135
11.94440072 42.72485870
11.94559069 42.72457532
11.94342900 42.71900688
11.94122198 42.71874981
11.94116561 42.71832059
11.93347187 42.71567447
11.93259233 42.71470993
11.93116659 42.71435655
11.93010028 42.71293676
11.93108142 42.71196359
11.93082474 42.71143895
11.92629259 42.70473055
11.92654352 42.70356222
11.92961319 42.70262712
11.93254030 42.70044100
11.93582325 42.69937639
11.93892642 42.69915329
11.94876426 42.69599883
11.94778304 42.69350994
11.94616187 42.69223758
11.94500747 42.69023029
11.94461800 42.68759509
11.94145345 42.68516939
11.94153233 42.68477080
11.94254549 42.68398297
11.94663097 42.68344373
11.94869856 42.68271098
11.95012198 42.68104258
11.95114562 42.68075020
11.97798008 42.67551898
11.99557219 42.66763498
11.99913940 42.66571155
12.00770690 42.66226202
12.02102584 42.65418121
12.02471162 42.65148116
12.02614812 42.65080714
12.02979259 42.65040652
12.02999969 42.64323525
12.03226115 42.64405479
12.03684962 42.64748736
12.03928570 42.64882905
12.04810874 42.64943964
12.05067998 42.64992914
12.05170977 42.65078409
12.05382848 42.64945644
12.05505545 42.65060459
12.05753300 42.65135716
12.05786005 42.65176177
12.06108138 42.65231277
12.06387043 42.65197014
12.06622244 42.65240864
12.06769848 42.65336944
12.07113717 42.65434894
12.07386347 42.65674185
12.07933137 42.65550831
12.08482454 42.65562584
12.08747360 42.65604446
12.08919269 42.65554791
12.09450961 42.65548040
12.09663642 42.65730378
12.09791239 42.65920910
12.09989582 42.66035343
12.10106330 42.66177872
12.10298536 42.66301599
12.10666251 42.66463979
12.10841311 42.66037082
12.10995389 42.65869886
12.11373199 42.65779468
12.11284862 42.65698000
12.11412132 42.65534624
12.11417013 42.65460459
12.11498588 42.65357611
12.11672652 42.65251240
12.11741518 42.65085039
12.11979198 42.64979364
12.12334077 42.64963976
12.12406258 42.64927971
12.12534697 42.64983874
12.12618370 42.65479429
12.12705720 42.65614890
12.12845500 42.65723752
12.12809821 42.65814704
12.12958696 42.65911636
12.13036116 42.66042794
12.13236418 42.66154969
12.13320701 42.65904051
12.13378925 42.65848329
12.13768646 42.65815760
12.14077478 42.65629879
12.14105795 42.65678311
12.14408440 42.65828590
12.14703470 42.65932297
12.14870611 42.66099896
12.14954895 42.66246970
12.14902574 42.66536516
12.14839328 42.66620485
12.14853728 42.66737454
12.15108335 42.66909929
12.15216450 42.67043187
12.15347202 42.67117576
12.15666820 42.67187202
12.15795805 42.67274599
12.16101264 42.67689639
12.16500247 42.67677017
12.16965047 42.67451248
12.17330005 42.67378775
12.17490412 42.67285936
12.17622317 42.67264878
12.17657096 42.67116709
12.17717375 42.67072272
12.17865436 42.67080875
12.17996617 42.67137236
12.18081937 42.67001116
12.18448828 42.66770173
12.18555827 42.66585958
12.18667479 42.66534225
12.19032613 42.66210021
12.19252377 42.66288801
12.19728099 42.66383753
12.20016122 42.66236822
12.20100742 42.66121831
12.20433588 42.66045321
12.21502236 42.65025028
12.21630181 42.64936742
12.22158235 42.64741113
12.22318458 42.64520784
12.22691837 42.64347040
12.22801692 42.63809868
12.22564295 42.63554236
12.23008909 42.63448392
12.23259143 42.63340084
12.23433402 42.63211476
12.23895900 42.63150152
12.24291687 42.62906208
12.24282314 42.62849253
12.24334066 42.62808627
12.24063776 42.62560338
12.23963872 42.62308498
12.23731808 42.62231312
12.23600190 42.62139439
12.23488748 42.61758098
12.23094976 42.61434315
12.22913322 42.61108900
12.22830129 42.61081223
12.23056884 42.61009720
12.23109696 42.60920950
12.23331087 42.60815544
12.23874480 42.60696293
12.23985207 42.60753442
12.24496936 42.60467260
12.24626179 42.60255606
12.24595966 42.59858219
12.24755611 42.59669356
12.24582863 42.59630083
12.24298010 42.59799271
12.24224937 42.59778150
12.24201645 42.59729414
12.24079956 42.59733685
12.23984171 42.59477442
12.24351798 42.59228312
12.24108704 42.59114399
12.24073707 42.58906446
12.23955545 42.58741512
12.23737732 42.58700689
12.23585340 42.58330966
12.23792634 42.57941559
12.24203556 42.57639449
12.24005900 42.57505918
12.23865905 42.57295432
12.23865707 42.57217986
12.23958145 42.57096399
12.24220440 42.56948287
12.24672212 42.56801576
12.25154209 42.56670880
12.25313822 42.56706678
12.25417490 42.56685752
12.26077450 42.56348571
12.26214116 42.55970035
12.26519918 42.55921513
12.26640583 42.55943304
12.27256962 42.56037696
12.27513534 42.55975368
12.27585346 42.55841104
12.27572663 42.55570206
12.27725541 42.55491899
12.27881280 42.55088582
12.27889641 42.54869962
12.27745262 42.54558114
12.27785283 42.54238943
12.27841343 42.54172289
12.27311802 42.54039025
12.27369847 42.53654999
12.26661411 42.53652518
12.26618043 42.53608710
12.26675709 42.53346694
12.26912504 42.52930916
12.27071483 42.52720840
12.27337720 42.52557441
12.27435245 42.52404879
12.27662973 42.52340959
12.28758343 42.52197665
12.29013646 42.51920506
12.28719135 42.51823033
12.27550405 42.51598980
12.27510659 42.51351300
12.27441793 42.51224043
12.27491182 42.50906896
12.27713145 42.50803666
12.27799962 42.50693619
12.27922640 42.50650159
12.28254711 42.50805274
12.28286485 42.50761904
12.28820053 42.51021286
12.29034677 42.51061035
12.29097438 42.50994082
12.28937369 42.50868729
12.28912595 42.50794302
12.28974881 42.50705727
12.29141332 42.50652484
12.29348544 42.50725370
12.29613657 42.50744239
12.29693268 42.50689388
12.29862609 42.50380012
12.29961230 42.50345418
12.30051204 42.50359696
12.30253365 42.49972745
12.30687714 42.49840239
12.30735298 42.49730147
12.29986611 42.48750793
12.30533845 42.48790696
12.31415107 42.48787985
12.31644216 42.48837930
12.31839149 42.49023045
12.32051757 42.49129327
12.32339300 42.49452575
12.32447114 42.49487062
12.32585592 42.49459679
12.33066613 42.49238123
12.33411970 42.49029147
12.33517688 42.49011797
12.33561353 42.48933569
12.34048567 42.48714816
12.34538487 42.48438473
12.34721024 42.47862782
12.35122624 42.47365546
12.35786942 42.47582152
12.35969841 42.47587270
12.36271988 42.47684732
12.36632674 42.48028017
12.36814799 42.47998435
12.37417336 42.48112670
12.37492160 42.48167065
12.37512086 42.48572296
12.37759113 42.48710328
12.37819753 42.48705863
12.37863194 42.48632566
12.37965868 42.48640319
12.38285299 42.48873198
12.38406433 42.48907032
12.38766766 42.48908053
12.38769098 42.49162497
12.38886858 42.49320519
12.38877613 42.49392798
12.38777857 42.49462563
12.38633537 42.49496641
12.38613037 42.49591626
12.38650972 42.49663181
12.39016763 42.49819204
12.39491827 42.49931326
12.39633110 42.49758942
12.39771252 42.49716156
12.40352230 42.49995440
12.40487456 42.49784186
12.41032054 42.49816324
12.41035828 42.49486376
12.41136201 42.49431463
12.41395064 42.49378328
12.41616601 42.49621060
12.41842325 42.49784639
12.41880897 42.49776953
12.42008545 42.49669068
12.42139110 42.49252375
12.42263456 42.49194840
12.42309320 42.49072503
12.42782521 42.48694123
12.42449130 42.48389916
12.42164989 42.48247997
12.41820082 42.48151078
12.41502756 42.47957066
12.41285258 42.47877864
12.41257838 42.47820963
12.41264477 42.47698645
12.41435616 42.47612009
12.41428180 42.47432641
12.41270602 42.47193150
12.41244098 42.46756258
12.41361339 42.46698572
12.42254014 42.46625492
12.42451896 42.46551149
12.42756679 42.46520627
12.42759520 42.46438294
12.42653909 42.46288689
12.42666022 42.46180451
12.43024793 42.45864773
12.43038210 42.45802489
12.42834390 42.45703362
12.42455021 42.45685383
12.41789866 42.45845106
12.41367710 42.45516803
12.41274741 42.45262562
12.41524480 42.45092601
12.41586340 42.44913445
12.41171749 42.44638435
12.41141007 42.44510319
12.41277520 42.44278821
12.41539501 42.44219449
12.41756446 42.44095569
12.41909213 42.43882890
12.41946409 42.43646894
12.41908892 42.43429027
12.41766538 42.43161069
12.41367259 42.42822925
12.41299268 42.42689916
12.41365011 42.42559926
12.41703762 42.42241584
12.42067548 42.42158379
12.42394111 42.42193643
12.43900054 42.42642094
12.44135456 42.42633396
12.44455145 42.42565790
12.45014241 42.42299540
12.45430465 42.42694216
12.45596516 42.42796060
12.45984238 42.42917228
12.46158176 42.42943597
12.46360238 42.42908450
12.46500434 42.42687325
12.46487477 42.42495229
12.46538047 42.42446820
12.46700574 42.42424300
12.46722037 42.42376147
12.46760890 42.42194202
12.46731946 42.42039574
12.46561762 42.41858409
12.46430712 42.41823091
12.46088217 42.41816405
12.45879590 42.41735686
12.46078924 42.41565857
12.46102594 42.41310635
12.45963244 42.41059905
12.45729304 42.40775555
12.45866048 42.40699344
12.45845422 42.40427832
12.45793588 42.40355541
12.45623104 42.40244596
12.45265376 42.40117329
12.44670864 42.40046912
12.44469768 42.39880786
12.44749573 42.39750145
12.45042989 42.39760281
12.45144524 42.39619358
12.45242710 42.39632348
12.45339234 42.39592620
12.45480826 42.39767765
12.45647533 42.39701227
12.45751561 42.39712541
12.45962693 42.39779360
12.46223357 42.39942727
12.46449310 42.39612738
12.46625642 42.39488766
12.46641983 42.39564771
12.46738528 42.39610130
12.46900911 42.39864062
12.47358860 42.40197455
12.47836995 42.40364679
12.48136228 42.40416287
12.48653342 42.39942265
12.48711971 42.39935447
12.48721699 42.39875325
12.48805854 42.39867265
12.48935362 42.39786356
12.49000620 42.39825607
12.49002234 42.39785119
12.49052470 42.39774513
12.49041781 42.39860729
12.49158339 42.39741711
12.49294931 42.39789727
12.49313697 42.39866682
12.49402108 42.39813684
12.49472295 42.39818821
12.49437613 42.39927025
12.49513312 42.39888157
12.49547551 42.39914120
12.49553607 42.40036723
12.49630116 42.40098730
12.49654548 42.39972291
12.49749769 42.39959963
12.49766118 42.40007147
12.49887940 42.40061137
12.50108308 42.40110971
12.50113232 42.40169612
12.50210742 42.40223068
12.50259128 42.40199809
12.50303544 42.40273719
12.50426335 42.40241275
12.50545450 42.40300601
12.50679024 42.40271991
12.50781186 42.40302130
12.50834704 42.40269074
12.50910193 42.40326548
12.51169670 42.40310574
12.51321437 42.40219315
12.51762204 42.39827242
12.51824591 42.39725034
12.51734390 42.39669949
12.51689979 42.39533008
12.51448340 42.39498051
12.51326194 42.39423359
12.51381089 42.39170604
12.51339834 42.39046337
12.51344216 42.38619135
12.51434690 42.38364900
12.51429008 42.38247259
12.51286935 42.37935747
12.51642164 42.37481485
12.51751328 42.37174971
12.51714329 42.37039091
12.51875838 42.36758925
12.52676480 42.36470057
12.52874274 42.36444607
12.53119044 42.36497611
12.53309984 42.36944782
12.53396009 42.37043890
12.53605964 42.37172679
12.53748001 42.37420675
12.54129126 42.37677404
12.54327619 42.37695170
12.54445484 42.37661676
12.54625265 42.38066260
12.54842085 42.38082608
12.54894561 42.38232317
12.55131881 42.38218481
12.55355511 42.38089980
12.55889814 42.38001418
12.55987916 42.38289874
12.56060983 42.38319346
12.56010861 42.38357002
12.56342567 42.38416291
12.56707688 42.38333997
12.56835648 42.38388043
12.56903621 42.38294930
12.56999707 42.38290665
12.57207350 42.38482376
12.57347861 42.38523175
12.57583712 42.38675853
12.57502841 42.38756089
12.58938117 42.39566231
12.59295200 42.39726827
12.59776240 42.40079122
12.59969968 42.40161528
12.60098312 42.40172321
12.60493822 42.40186899
12.60642318 42.40244934
12.60607858 42.40352277
12.60595065 42.40433057
12.60685262 42.40584428
12.60558935 42.40679046
12.60540381 42.40752501
12.61058720 42.41151448
12.61437084 42.41352495
12.61489794 42.41447697
12.61496109 42.41736897
12.61422832 42.42443182
12.61322279 42.42626595
12.61143866 42.42716531
12.61099456 42.42796652
12.61180033 42.43331440
12.61152633 42.43540690
12.61520826 42.43963500
12.61506252 42.44089270
12.61631002 42.44582649
12.61952130 42.45189973
12.61899015 42.46110099
12.61436153 42.46385933
12.61415390 42.46451238
12.62137980 42.46866094
12.62497554 42.46910476
12.63580538 42.46896858
12.64109214 42.46779884
12.64056052 42.46674329
12.64269990 42.46450001
12.63936284 42.45910923
12.64016966 42.45900879
12.64005663 42.45813296
12.64073210 42.45763357
12.64045907 42.45648429
12.64175667 42.45398955
12.64555654 42.45188846
12.65026450 42.44729341
12.64950131 42.44330645
12.65582090 42.44175196
12.66062638 42.44135490
12.66598990 42.44096901
12.67135852 42.44210486
12.67368062 42.44209800
12.67465333 42.44241492
12.67591274 42.44354812
12.67946432 42.44451163
12.68136658 42.44599999
12.68968387 42.44929284
12.69400918 42.44938899
12.69415194 42.45146306
12.69478525 42.45243036
12.69804133 42.45350442
12.69931097 42.45601537
12.70033371 42.45699946
12.70267866 42.45771290
12.70279339 42.46089404
12.71055504 42.46349884
12.71498799 42.45998526
12.72470261 42.46040375
12.72655629 42.46296201
12.73080443 42.46587388
12.73212242 42.46608909
12.73332123 42.46793187
12.73480572 42.46791621
12.73928475 42.46917537
12.74157233 42.47052625
12.73881282 42.47337150
12.73316598 42.47787507
12.72436287 42.48256335
12.72043038 42.48548840
12.71678136 42.48995434
12.71548837 42.49208981
12.71400723 42.49652683
12.71114023 42.50079206
12.72082155 42.50420446
12.72759370 42.50913426
12.74043218 42.50875338
12.74538031 42.50909852
12.74577805 42.50786363
12.74835265 42.50868872
12.75009896 42.50989371
12.75270054 42.51301555
12.75412019 42.51315145
12.75641867 42.51253912
12.76089835 42.51217651
12.76402882 42.51245379
12.76523216 42.51182890
12.77150326 42.51241935
12.77318704 42.51300141
12.77354907 42.51308949
12.77336292 42.51457173
12.77412199 42.51616239
12.77365087 42.51980934
12.77065612 42.52256071
12.77001934 42.52437637
12.77065171 42.52509108
12.77381419 42.52652138
12.77297724 42.53090863
12.77320779 42.53127332
12.78366545 42.53267384
12.78376045 42.53377431
12.78746317 42.53306245
12.79160434 42.53406090
12.79703688 42.53399441
12.80508692 42.53569785
12.80862345 42.53588263
12.81186910 42.53429673
12.81286539 42.53504518
12.81804178 42.53292863
12.82108168 42.53652554
12.83068861 42.54006683
12.83343466 42.54164969
12.83444278 42.54314560
12.83782338 42.54502851
12.84216109 42.54604686
12.84290142 42.54681724
12.84300911 42.54794491
12.84668651 42.55224654
12.84783524 42.55279944
12.85204985 42.55278850
12.85470287 42.55391885
12.85512789 42.55465623
12.85768552 42.55610890
12.86358990 42.55825436
12.86690012 42.55913553
12.86957084 42.55939236
12.87043034 42.55993064
12.87032185 42.56061302
12.87172768 42.56111642
12.87799122 42.56110657
12.88296698 42.56309874
12.88871606 42.56384423
12.89273610 42.56349502
12.89408943 42.57248907
12.89418632 42.57759678
12.89344257 42.57942016
12.89027028 42.58278373
12.88977498 42.58408936
12.88597789 42.58935038
12.88399025 42.59407739
12.88388478 42.59646181
12.87868676 42.59988665
12.88008987 42.60236203
12.88056794 42.60767489
12.88052334 42.60934902
12.89635158 42.61644874
12.89718500 42.61631996
12.90307858 42.61219562
12.90714573 42.61196385
12.91098649 42.61084530
12.91346833 42.60953977
12.91644391 42.60952191
12.91857123 42.60639979
12.91874811 42.60329623
12.92063930 42.60323153
12.92257540 42.60405011
12.92590027 42.60412839
12.93012244 42.60289002
12.93153732 42.60359998
12.93206578 42.60568071
12.93377875 42.60733255
12.93442089 42.61004568
12.93438028 42.61273748
12.93682013 42.61564510
12.93829204 42.61536543
12.94095054 42.61572844
12.94449630 42.61691778
12.94752804 42.61740441
12.94877100 42.61815609
12.95250161 42.61893426
12.96267502 42.61878251
12.97051409 42.61730978
12.97944541 42.61674729
12.98580849 42.61564369
12.99115390 42.61587265
12.99241002 42.61738053
12.99517299 42.61674454
12.99767066 42.61530239
12.99867640 42.61510384
13.00431677 42.61524730
13.01121907 42.61711437
13.01506192 42.62088216
13.01418853 42.62342449
13.01215022 42.62578450
13.01359237 42.62684512
13.01391717 42.62811147
13.01459738 42.62859153
13.01427229 42.63037792
13.01533281 42.63192718
13.01724947 42.63300498
13.01924992 42.63493969
13.02337194 42.63877506
13.02560534 42.63912877
13.02751213 42.63899954
13.02911510 42.63767636
13.03097805 42.63738873
13.03257240 42.63363847
13.03278342 42.63078746
13.03485713 42.62844570
13.03786612 42.62738065
13.04160054 42.62730049
13.04654862 42.62660155
13.04981626 42.62467610
13.05856729 42.62285265
13.06431197 42.62358026
13.07267600 42.62717932
13.07602242 42.62978405
13.07862390 42.63124154
13.08189502 42.63154852
13.08613576 42.63404186
13.09779853 42.63631637
13.10197976 42.63801569
13.10952241 42.64226482
13.10962225 42.64299589
13.10863994 42.64480772
13.11165415 42.64603714
13.11646321 42.64994353
13.11757953 42.65014199
13.11768077 42.65163852
13.11609852 42.65596199
13.11683213 42.65710871
13.11818150 42.65766219
13.12008449 42.65808968
13.12496070 42.65822365
13.12994417 42.65966492
13.13292113 42.65478767
13.13504787 42.65503845
13.13553254 42.65476718
13.14476926 42.64609212
13.14608808 42.64645567
13.14648498 42.64705644
13.14573845 42.64754865
13.14657942 42.64838173
13.15083139 42.64938701
13.15242452 42.65040329
13.15408625 42.65070024
13.15848255 42.65426504
13.16032751 42.65623981
13.17354158 42.66539347
13.17412854 42.66611874
13.17384657 42.66737497
13.17425568 42.66737699
13.17302381 42.67498471
13.17981088 42.67760524
13.18148855 42.67864047
13.18244922 42.68044775
13.18232381 42.68140030
13.18064884 42.68358897
13.17590154 42.68313523
13.17394408 42.68540034
13.17332603 42.68731759
13.17707605 42.69432031
13.18034409 42.69696577
13.18225263 42.69933741
13.18319357 42.70222498
13.18677561 42.70667626
13.18940164 42.70809110
13.19070721 42.71044856
13.18999592 42.71520103
13.18764892 42.72031482
13.18699630 42.72342025
13.18775340 42.72761961
13.18952178 42.73066429
13.18929945 42.73325424
13.19026641 42.73362072
13.19421822 42.73382720
13.19685561 42.73469723
13.20022818 42.73508349
13.20710532 42.73086894
13.22431539 42.72830053
13.22473772 42.72891042
13.23019036 42.72703172
13.23811525 42.72581218
13.23999779 42.72620134
13.24811555 42.72590259
13.24936428 42.72493113
13.25104159 42.72440745
13.25088071 42.72270302
13.25274565 42.72284856
13.25416468 42.72144740
13.25496232 42.72174772
13.25710242 42.72381548
13.26038315 42.72836793
13.25992575 42.72987384
13.26079534 42.73329999
13.26268215 42.73614723
13.26451155 42.74018225
13.26775153 42.74010524
13.26888082 42.73947395
13.26962597 42.73947621
13.27410769 42.74043536
13.27724636 42.74047363
13.28005446 42.74096610
13.28235778 42.73941578
13.28628842 42.74040220
13.28777483 42.73921776
13.28810887 42.73684540
13.29009333 42.73575842
13.29046747 42.73324257
13.29400373 42.73080990
13.29732306 42.72957158
13.30016684 42.72966786
13.30943686 42.72790502
13.31445950 42.72555669
13.31519687 42.72448692
13.31788497 42.72399514
13.32128282 42.72028085
13.32396029 42.71837496
13.32637168 42.71589779
13.32828528 42.71192745
13.33197711 42.70902760
13.33394191 42.70864196
13.33414987 42.70725819
13.33550650 42.70629635
13.33648417 42.70487874
13.33843650 42.70402458
13.34117076 42.70175889
13.34458306 42.70110587
13.34965745 42.69805431
13.35103434 42.69765090
13.35232719 42.69632774
13.35423341 42.69533756
13.35666378 42.69482315
13.35776957 42.69409158
